[DEBUG] Visitando nó 2167. Vizinhos: 3047 4083 1227 1949 3706 493
[DEBUG] Visitando nó 1800. Vizinhos: 4231 1935 3218 1949 2077 97 438 3441 458 4825
[DEBUG] Visitando nó 4345. Vizinhos: 727 1949 2085 4719 4109 725 2804
[DEBUG] Visitando nó 437. Vizinhos: 2929 3556 3559 1240 3127 2374 3540
[DEBUG] Visitando nó 2537. Vizinhos: 1595 3930 353 2374 2104 2786
[DEBUG] Visitando nó 2748. Vizinhos: 3213 2577 2338 1170 2366 262 2374 2251 5 3373
[DEBUG] Visitando nó 559. Vizinhos: 1384 1730 608 3836 4424 1005 237 2374 247
[DEBUG] Visitando nó 1341. Vizinhos: 948 3689 350 4553 2374 4467 1212 2591 1143 3765 1514 987
[DEBUG] Visitando nó 1379. Vizinhos: 2128 4263 4840 2382 4198 98 674 4047 2164 4293 1377
[DEBUG] Visitando nó 2632. Vizinhos: 2751 1014 2320 2164 3804
[DEBUG] Visitando nó 1898. Vizinhos: 3758 489 2164 1564 1217 382
[DEBUG] Visitando nó 706. Vizinhos: 2164 869 3352 3777 89 1504 2635 3363
[DEBUG] Visitando nó 2542. Vizinhos: 4590 3040 1414 874 258 19 189 3661 230 1091 2836 4320 1434 831 3655 1626
[DEBUG] Visitando nó 4403. Vizinhos: 3932 600 631 4388 2039 2529 831
[DEBUG] Visitando nó 50. Vizinhos: 3035 154 943 1173 4660 831 2867 4788 3461
[DEBUG] Marcando nó 4788 como visitado
[DEBUG] Visitando nó 4788. Vizinhos: 1342 50
[DEBUG] Visitando nó 1688. Vizinhos: 1606 2118 424 831 586 634 3680
[DEBUG] Visitando nó 2211. Vizinhos: 1769 3538 4688 804 3829 393 2607 3534 831 1468 3278 792 1032 157 1166
[DEBUG] Visitando nó 3787. Vizinhos: 4465 2200 4661 831 2860 1555 2752 2763 4579 4780
[DEBUG] Visitando nó 2587. Vizinhos: 1670 994 563 831 1227 4912 427 3920 3891 1820 1919 2541 3851 4348 1345 4725 2612   
[DEBUG] Visitando nó 30. Vizinhos: 1381 1806 215 3774 761 4134 105 2404 2982
[DEBUG] Visitando nó 4458. Vizinhos: 716 2566 1983 2386 2216 1019 2934 1810 2404 3824 2369 3029
[DEBUG] Visitando nó 3495. Vizinhos: 2591 853 4229 2404 2970 3239 3791 998 3405 3319 2588 1719
[DEBUG] Visitando nó 551. Vizinhos: 3096 2404 1568 719 3902 2205 23 1974
[DEBUG] Visitando nó 1317. Vizinhos: 279 4727 2635 1454 2404 2871 890 2223 2164 669 2104
[DEBUG] Visitando nó 3194. Vizinhos: 2691 2404 2224
[DEBUG] Visitando nó 2879. Vizinhos: 1219 4206 4282 1124 4650 3407
[DEBUG] Visitando nó 1644. Vizinhos: 3614 3804 1376 2625 25 1219 1442 4147 4 3961
[DEBUG] Visitando nó 3867. Vizinhos: 1418 4713 501 2056 2479 3120
[DEBUG] Visitando nó 1608. Vizinhos: 3197 766 1335 2479 3575
[DEBUG] Visitando nó 2177. Vizinhos: 2479 4793 4586 3424 2649 2700 897 4476 3511
[DEBUG] Visitando nó 1021. Vizinhos: 2600 1295 3967 4131 2479 4542 2836 380 3551 4634 3102 2152
[DEBUG] Visitando nó 2034. Vizinhos: 1249 4492 2328 4713 149 2278 
[DEBUG] Visitando nó 2157. Vizinhos: 399 2328 3423 1202 1718 941 2760 1535 4404 1769 1340
[DEBUG] Visitando nó 2254. Vizinhos: 2328 2742 1777 227 104 1970 1054 888 4174
[DEBUG] Visitando nó 1326. Vizinhos: 2328 4210 1920 2894 2344 4176 1534 2648 1419 4117 64 4573 4357 2918
[DEBUG] Visitando nó 2655. Vizinhos: 4081 4914 1580 980 3092 175 1406 689 4246 4728
[DEBUG] Visitando nó 764. Vizinhos: 679 2840 172 4426 2513 2411 4164 1525 3682 3914 4728 4895 3125 1259 452
[DEBUG] Visitando nó 1650. Vizinhos: 3403 4291 2196 2354 4798 2618 4728 673
[DEBUG] Visitando nó 2716. Vizinhos: 3564 3425 1195 3239 950 2961 4728 4523 3120 3306 2852
[DEBUG] Visitando nó 621. Vizinhos: 2926 1615 4728 3132 100 2852 1558 4116 2508
[DEBUG] Visitando nó 120. Vizinhos: 4449 2685 4728 1915 959 2578 218 550 1494 3047 3857 4711
[DEBUG] Visitando nó 2826. Vizinhos: 1203 4552 3776 1383 2853 295
[DEBUG] Visitando nó 1264. Vizinhos: 1895 1672 2159 2861 1579 2487 295 4363 3676 1499 1365
[DEBUG] Visitando nó 4428. Vizinhos: 823 1160 4664 3258 429 295 3953
[DEBUG] Visitando nó 117. Vizinhos: 295 4852 1365 228 2781 4819 2258
[DEBUG] Visitando nó 4252. Vizinhos: 1883 3620 202 389 468 295 4027 515 4960 2518
[DEBUG] Visitando nó 221. Vizinhos: 2469 4692 4014 3407 3643 2926 4387 908
[DEBUG] Visitando nó 2433. Vizinhos: 1554 3617 509 766 1487 908
[DEBUG] Visitando nó 2071. Vizinhos: 1565 4781 908 4440 1791 3866 927 2209
[DEBUG] Visitando nó 914. Vizinhos: 4677 204 1140 3438 3332 908 3646 375 456
[DEBUG] Visitando nó 164. Vizinhos: 3796 976 292 4061 416 3923 3610 4934 1260 995 1244
[DEBUG] Visitando nó 4713. Vizinhos: 3867 416 2034 1389
[DEBUG] Visitando nó 3104. Vizinhos: 2090 4943 3024 2442 1347 1153 4255
[DEBUG] Visitando nó 2469. Vizinhos: 3658 3865 3856 221 796 2940 1153 2153 330 4581 1896 3303 835 3189
[DEBUG] Marcando nó 3303 como visitado
[DEBUG] Visitando nó 3303. Vizinhos: 2078 2469
[DEBUG] Visitando nó 2660. Vizinhos: 2363 4094 776 2473 2405 2771 3652 1081 1153 4790 173 1206 4134 2983 2512
[DEBUG] Visitando nó 2348. Vizinhos: 2746 3911 1022 4379 1153 1118 3618 1412 2991 1233
[DEBUG] Visitando nó 3580. Vizinhos: 3161 1153 4117 2766 752 2408 4917 3588 3166 1729
[DEBUG] Visitando nó 3654. Vizinhos: 1247 2208 2303 1779 1153 3019 1296 3782 4617 1820
[DEBUG] Visitando nó 2643. Vizinhos: 4505 2456 4770 1587 709 460 4891 253 3925 917 3570 3300
[DEBUG] Visitando nó 4682. Vizinhos: 3672 2825 2928 3176 2982 4823 3570 3241 2076 1130 684 3946 2852
[DEBUG] Visitando nó 1690. Vizinhos: 3567 3682 3424 3570 1092 1834 1316 3873 1487 4555
[DEBUG] Visitando nó 1031. Vizinhos: 3570 912 3857 3368 3671 255 624 1131 3225 4955 1904 4695 2131
[DEBUG] Visitando nó 3065. Vizinhos: 3570 1033 2690 3557 249 4331 1074 3605
[DEBUG] Visitando nó 360. Vizinhos: 2210 3570 267 4752 522 1293 58
[DEBUG] Visitando nó 1344. Vizinhos: 1161 1498 3693 3216 1576 2820 2754 4590 3228 2265 670 2349 509 4478
[DEBUG] Visitando nó 1117. Vizinhos: 1932 2223 3368 675 4373 1576 4017 3935 529 3748
[DEBUG] Visitando nó 3216. Vizinhos: 2516 3924 3824 3387 884 3328 1344 2212 1576 3761 1645 2306 2062 3382 2370
[DEBUG] Visitando nó 974. Vizinhos: 2172 1576 3896 2042 4753 4288 3003 76
[DEBUG] Visitando nó 1681. Vizinhos: 1576 579 1879 747 582 2804 
[DEBUG] Visitando nó 3738. Vizinhos: 1576 4594 1805 2182 4667
[DEBUG] Visitando nó 1216. Vizinhos: 1807 1576 1292 4706 2147 335
[DEBUG] Visitando nó 1342. Vizinhos: 2884 2055 4788 3706 2834 4339 4491 2813 3469 2980 1550 2746 2228
[DEBUG] Visitando nó 821. Vizinhos: 2980 4731 4443 3975 661 4827 4765 1274 3786
[DEBUG] Visitando nó 1073. Vizinhos: 2980 2883 3045 1210 4111 2676 3306 2608 4051 4174 1491 3158
[DEBUG] Visitando nó 669. Vizinhos: 679 2980 3590 3343 851 2550 772 4914 1937 431 3905 1317
[DEBUG] Visitando nó 4110. Vizinhos: 615 4029 2338 2564 2848 1525 122 3763
[DEBUG] Visitando nó 3807. Vizinhos: 122 4808 4810 3094
[DEBUG] Visitando nó 3439. Vizinhos: 1528 122 654 3698 2816 3026 2564
[DEBUG] Visitando nó 2148. Vizinhos: 2509 3683 2948 464
[DEBUG] Visitando nó 1549. Vizinhos: 1787 819 2948 768 237 2247 3863 1230 1446 3201 4782
[DEBUG] Visitando nó 3174. Vizinhos: 4232 4445 3734 239 2936 3719 4484 1129 2898 2030 2702 2641 4683 165
[DEBUG] Visitando nó 2824. Vizinhos: 4607 3998 2416 265 1123 3711 171 165
[DEBUG] Visitando nó 4366. Vizinhos: 1406 1121 4140 1670 2164 2050 165 1492
[DEBUG] Visitando nó 2728. Vizinhos: 295 2551 165 2698 1945
[DEBUG] Visitando nó 726. Vizinhos: 2589 884 955 165 1762 3313
[DEBUG] Visitando nó 1016. Vizinhos: 498 2964 598 1859 1000 165 4367 4568 1178 1288 4884 4005
[DEBUG] Visitando nó 4757. Vizinhos: 1102 165 4692 688 2675 4867 981
[DEBUG] Visitando nó 95. Vizinhos: 2038 2715 3225 2740 1585 165 4658 4101 3233 2052 4554 3134
[DEBUG] Visitando nó 3513. Vizinhos: 3196 165 2444 67 4868 2625
[DEBUG] Visitando nó 2335. Vizinhos: 4923 4222 4378 3818 2571 4151 3712
[DEBUG] Visitando nó 4260. Vizinhos: 4378 136 135 2516 2808 3531 1387
[DEBUG] Visitando nó 3169. Vizinhos: 4378 953 979 2821 3449 1104 1398 4097 4914 4177
[DEBUG] Visitando nó 3932. Vizinhos: 4378 4403 1865 988
[DEBUG] Visitando nó 2091. Vizinhos: 4378 1894 3649 1834 80 2708 1928
[DEBUG] Visitando nó 2496. Vizinhos: 4378 2610 1302 1772 4145 4834 2594 1212
[DEBUG] Visitando nó 1313. Vizinhos: 4378 2759 3038 3708 1215 101 4992 1481 4603 255
[DEBUG] Visitando nó 1020. Vizinhos: 213 3576 4378 4886 3447 4056 2207 1998 3811 204 2758 4181 4961 1986 3574
[DEBUG] Visitando nó 142. Vizinhos: 1121 2706 2297 4145 1155 2075 1869 2072
[DEBUG] Visitando nó 1978. Vizinhos: 716 1232 4521 3003 1931 2075 1260 567 1103 2840
[DEBUG] Visitando nó 3919. Vizinhos: 178 2075 2521 2749 940
[DEBUG] Visitando nó 3695. Vizinhos: 121 534 2892 2369 3503 1243 1153 3979 4649
[DEBUG] Visitando nó 3589. Vizinhos: 1301 4156 3698 3503 3650 3157
[DEBUG] Visitando nó 1099. Vizinhos: 2881 3384 1411 1662 4800 1164 4381 1186 4869 1293 3503 651 70
[DEBUG] Visitando nó 71. Vizinhos: 2976 3503 2802 1055 2124 4222
[DEBUG] Visitando nó 3607. Vizinhos: 3640 3503 3489 1030 370 2595
[DEBUG] Visitando nó 1694. Vizinhos: 3068 1555 2006 3506 1247 361 1493 1697 3641
[DEBUG] Visitando nó 2152. Vizinhos: 2318 2407 2225 2635 624 1052 3506 2232 2566 3393 1021
[DEBUG] Visitando nó 3763. Vizinhos: 4505 2332 3506 3308 4110
[DEBUG] Visitando nó 1334. Vizinhos: 4962 3506 288 2940 2037 1680 1652 956 4454 4094 1527 2044 2614
[DEBUG] Visitando nó 4400. Vizinhos: 2998 640 4952 1065 2060 862 1842 392 211
[DEBUG] Visitando nó 2709. Vizinhos: 3024 3633 2820 392
[DEBUG] Visitando nó 412. Vizinhos: 2322 3881 461 4081 2245 2979 1902 392
[DEBUG] Visitando nó 3022. Vizinhos: 2093 3634 3804 1775 392 606 2904 
[DEBUG] Visitando nó 4968. Vizinhos: 1447 1497 2153 2501 2595 1957 4856 1778 4721 392 4719 3403 2038
[DEBUG] Visitando nó 1416. Vizinhos: 3277 3757 435 4592 4494 3076 3928 3384 392 2381 4446
[DEBUG] Visitando nó 423. Vizinhos: 1523 2772 2577 1744 2802 392 638 3874
[DEBUG] Visitando nó 4532. Vizinhos: 97 4526 2124 3191 392 31 1947 498
[DEBUG] Visitando nó 3597. Vizinhos: 740 3310 4828 4315 392 2753 2259 4099 973
[DEBUG] Visitando nó 754. Vizinhos: 3183 4266 963 1376 392 4962 2082 2375 478 318 4429 4335 652
[DEBUG] Visitando nó 1441. Vizinhos: 392 46 3419 1669 1686 4684 2593 2255 677
[DEBUG] Visitando nó 761. Vizinhos: 392 4926 2453 3417 2474 30 4309 2238
[DEBUG] Visitando nó 324. Vizinhos: 3175 582 3795 3223 1847 792 3637
[DEBUG] Visitando nó 2864. Vizinhos: 1330 4012 3637 3599 386 2490
[DEBUG] Visitando nó 845. Vizinhos: 389 3637 3050 644 2185 2860 2391 2990 940
[DEBUG] Visitando nó 2895. Vizinhos: 3878 3637 477 114 364 2349 1651 3070 3263
[DEBUG] Visitando nó 1960. Vizinhos: 1360 2659 1408 1392 3561
[DEBUG] Visitando nó 4290. Vizinhos: 1152 1854 69 501 1659 2659 1381 3323 2296
[DEBUG] Visitando nó 4447. Vizinhos: 2659 1481 846 2614 897 482 862 547 1767 2544
[DEBUG] Visitando nó 1054. Vizinhos: 2659 848 3206 3219 2254 1198
[DEBUG] Visitando nó 630. Vizinhos: 2659 2798 3538 2675 4222
[DEBUG] Visitando nó 1371. Vizinhos: 2659 3938 3669 362 22 563 3842 4886 4652
[DEBUG] Visitando nó 4857. Vizinhos: 4005 4372 3958 643 2659 3314 3766 2851 758 51 1280 3565
[DEBUG] Visitando nó 3820. Vizinhos: 1817 2719 3239 4818 4824 746 214 1234 3468
[DEBUG] Visitando nó 911. Vizinhos: 2700 1229 276 4076 2714 4624 214 2405 4802 293 4199
[DEBUG] Visitando nó 4150. Vizinhos: 3689 4420 3771 939 488 214 3012 3698 4016
[DEBUG] Visitando nó 9. Vizinhos: 372 2860 1722 214 3272 3382 4000 1258 2237 3570 4920 88
[DEBUG] Visitando nó 4810. Vizinhos: 214 1007 2616 3889 507 3807 4060 4207 1489 3370 1140
[DEBUG] Visitando nó 3800. Vizinhos: 214 3873 3316 4599 2989 3450 3732 2945
[DEBUG] Visitando nó 4783. Vizinhos: 214 803 374 1294
[DEBUG] Visitando nó 3636. Vizinhos: 214 3209 53 3562 2168
[DEBUG] Visitando nó 3512. Vizinhos: 718 214 2996 2290 2411 1113 3756 4141
[DEBUG] Visitando nó 852. Vizinhos: 2108 2035 289 1877
[DEBUG] Visitando nó 4408. Vizinhos: 3301 4953 25 289 2792 4711 3315
[DEBUG] Visitando nó 294. Vizinhos: 3969 1320 289 4662 2686 4454 2676 1877 1789 115 2173 158 190
[DEBUG] Visitando nó 1189. Vizinhos: 3645 4328 3339 2597 3772 3396 2650
[DEBUG] Visitando nó 3964. Vizinhos: 4589 3157 192 938 3648 2650 4894 3311
[DEBUG] Visitando nó 2342. Vizinhos: 4703 1558 326 2650 1068 1538 1026 2575 3385 1863 1092 1925
[DEBUG] Visitando nó 572. Vizinhos: 2264 2650 4009 991 1730 2815 4718 818
[DEBUG] Visitando nó 610. Vizinhos: 4282 1986 194 732 1055 1805 1177
[DEBUG] Visitando nó 2538. Vizinhos: 4669 254 3618 4454 4986 4270 1177 2007 2857
[DEBUG] Visitando nó 1874. Vizinhos: 4390 282 4209 3165 1463 4386 1023 1177 3002 4812 
[DEBUG] Visitando nó 4485. Vizinhos: 1177 3506 4369 2217 1166 1697 1214 2571 4976
[DEBUG] Visitando nó 1633. Vizinhos: 508 1177 342 69 2898 2436
[DEBUG] Visitando nó 4852. Vizinhos: 314 4889 4316 2139 1483 3160 194 833 2037 1430 2647 1186 1376 117 3685 1532 4674 3603
[DEBUG] Visitando nó 3798. Vizinhos: 4984 3116 438 3603 1321 1602 2256 812
[DEBUG] Visitando nó 626. Vizinhos: 3992 3385 2723 4865 2630 3285 3603 2336 4925
[DEBUG] Visitando nó 3398. Vizinhos: 3420 540 3603 1809 2460 4720 2033 4177 2647
[DEBUG] Visitando nó 3635. Vizinhos: 1028 198 3603 1503 2782 1429 1646 691 776
[DEBUG] Visitando nó 4676. Vizinhos: 4701 2702 1529 1804 4452 202 441 265
[DEBUG] Visitando nó 4199. Vizinhos: 1927 1590 4452 3248 2526 4504 3701 2120 398 1195 1516 3202 3587 911 1958
[DEBUG] Visitando nó 293. Vizinhos: 3292 3939 4452 4322 2905 128 2388 3483 2253 1787 3092 2667 632 229 911 4856 2146 734

[DEBUG] Visitando nó 3167. Vizinhos: 461 4078 3323 1631 3927 1867 1537 1046 2283
[DEBUG] Visitando nó 4594. Vizinhos: 2664 4350 4293 3738 2049 1046 291
[DEBUG] Visitando nó 2835. Vizinhos: 4382 4157 1046 920 698
[DEBUG] Visitando nó 3001. Vizinhos: 1463 4422 1966 2364 2853 1046 495
[DEBUG] Visitando nó 4389. Vizinhos: 4316 3401 2925 4904 315 3628 1046 4938 1207 1561
[DEBUG] Visitando nó 496. Vizinhos: 1339 3190 1046 573 245 1051
[DEBUG] Visitando nó 453. Vizinhos: 1750 597 1419 1046 574 3423 2953 3489 2404 2432
[DEBUG] Visitando nó 1607. Vizinhos: 1046 3089 2628 1398 24
[DEBUG] Visitando nó 902. Vizinhos: 2567 1046 4892 934 4756 1366 4008 904 2754 485 2641 425
[DEBUG] Visitando nó 329. Vizinhos: 4406 759 4246 4413 3886 1761 4768 4611 402 160 3866 680 1345 1002
[DEBUG] Visitando nó 381. Vizinhos: 782 722 160 3013 3057 4053 2133 2859 3817
[DEBUG] Visitando nó 3705. Vizinhos: 160 1065 493 1299 2447 2507 2737 3337
[DEBUG] Visitando nó 2019. Vizinhos: 375 2785 160 4356 4830 1407 1514 2600 1610 2605
[DEBUG] Visitando nó 2070. Vizinhos: 2048 4707 1777 3377 3968 3606 4136 1909 1169 377
[DEBUG] Visitando nó 1186. Vizinhos: 1099 3377 4852 4438 2577 3391
[DEBUG] Visitando nó 3628. Vizinhos: 3377 3218 2515 4648 4389 1209 608 1816 4939
[DEBUG] Visitando nó 648. Vizinhos: 3377 4761 2845 3256 139 1369
[DEBUG] Visitando nó 4973. Vizinhos: 3377 4430 4762 1827 1153 1784 2821
[DEBUG] Visitando nó 2412. Vizinhos: 4380 3189 1156 4752 3823 3521 3377 1166 595 335 2290 1354 150 918
[DEBUG] Visitando nó 3233. Vizinhos: 1292 642 537 1247 775 95 3017 4502
[DEBUG] Visitando nó 350. Vizinhos: 1341 2515 3996 775 3678 3103 3735 3338
[DEBUG] Visitando nó 1517. Vizinhos: 3041 876 1469 2594 775 4350 4293 3203
[DEBUG] Visitando nó 3488. Vizinhos: 775 3197 2859 2287 2377 3258 2644
[DEBUG] Visitando nó 818. Vizinhos: 775 968 2178 2850 261 3836 2856 4396 3802 4308 572
[DEBUG] Visitando nó 4255. Vizinhos: 177 1559 424 3970 775 2634 3104
[DEBUG] Visitando nó 1173. Vizinhos: 35 50 1903 1509 592
[DEBUG] Visitando nó 227. Vizinhos: 1027 3132 2048 804 1657 4830 3343 1997 638 2254 1417 1509 3900 918 2477 4685 3673   
[DEBUG] Visitando nó 2131. Vizinhos: 3576 2439 1509 3286 281 2894 2739 2732 3509 1031
[DEBUG] Visitando nó 173. Vizinhos: 2954 1749 1509 245 2660 895 3905 3244 477 4025 3262 399 313
[DEBUG] Visitando nó 3781. Vizinhos: 426 2510 1509 782 4075 4578 1247 2468 2463 4986 3886 287
[DEBUG] Visitando nó 3683. Vizinhos: 8 1509 2148 26 454 4752 
[DEBUG] Visitando nó 1466. Vizinhos: 2576 2212 3697 4603 1283 1462 912 536 1182
[DEBUG] Visitando nó 2245. Vizinhos: 3649 3972 1462 43 412 4959 40
[DEBUG] Visitando nó 1995. Vizinhos: 1462 2820 3520 2036 658 4091 2880 2417 575 1598 1300 3345 4419 707
[DEBUG] Visitando nó 386. Vizinhos: 1462 4147 2864 4786 1569 1736 3646
[DEBUG] Visitando nó 1337. Vizinhos: 1462 3498 1933 3509 666 4912 478 1645
[DEBUG] Visitando nó 370. Vizinhos: 1462 539 4599 3730 3052 2504 3607 3126
[DEBUG] Visitando nó 2869. Vizinhos: 3137 2516 4651 1471 113 1462 2745 101 2163 4737
[DEBUG] Visitando nó 1409. Vizinhos: 2919 1122 435 2960 3843 1346 4050
[DEBUG] Visitando nó 3030. Vizinhos: 882 1588 3117 2893 4515 4075 4270 4185 4050
[DEBUG] Visitando nó 2767. Vizinhos: 3582 1677 3477 602 4050 724 1033
[DEBUG] Visitando nó 4741. Vizinhos: 2278 3425 808 4512 4708 4050 654 440 2154 2010
[DEBUG] Visitando nó 1757. Vizinhos: 2114 3492 4050 3090 2427 922
[DEBUG] Visitando nó 3757. Vizinhos: 1416 3522 4050 440 3694 4353 3549 611 4839 1903 2892
[DEBUG] Visitando nó 1323. Vizinhos: 3007 985 3122 2283 656 4204 2066 2221
[DEBUG] Visitando nó 44. Vizinhos: 4911 4690 4306 1218 10 768 2467 2066 4749 982 3701 4415 1525
[DEBUG] Visitando nó 2701. Vizinhos: 2970 70 1673 2066 859 2641 2495
[DEBUG] Visitando nó 4994. Vizinhos: 2066 4081 1343 644 4050 3977 455 1369 3736 3412
[DEBUG] Visitando nó 503. Vizinhos: 190 4013 4088 3577 2066 4903 3827 2891 4943 4709
[DEBUG] Visitando nó 3482. Vizinhos: 4202 2140 3942 2214 1860 1360 83
[DEBUG] Visitando nó 4195. Vizinhos: 740 121 3114 2448 2168 1977 1708 83 643 2419
[DEBUG] Visitando nó 4860. Vizinhos: 4232 2690 4194 3081 83 1430 2842 1266
[DEBUG] Visitando nó 4480. Vizinhos: 236 83 650 189 4573 1012 3735
[DEBUG] Visitando nó 3231. Vizinhos: 868 332 1529 83 3424 3109
[DEBUG] Visitando nó 3759. Vizinhos: 83 992
[DEBUG] Visitando nó 121. Vizinhos: 4195 3695 1489 2861 1781 1134 483 3003
[DEBUG] Visitando nó 1223. Vizinhos: 2231 4362 483 4133 441 2026
[DEBUG] Visitando nó 3276. Vizinhos: 2997 483 157 1493 1369 3344
[DEBUG] Visitando nó 3396. Vizinhos: 483 1094 4648 3819 4053 2165 3924 2371 1189 653 4879 1731 1318
[DEBUG] Visitando nó 4278. Vizinhos: 153 694 2164 483 2266 4196 1395
[DEBUG] Visitando nó 4381. Vizinhos: 1099 513 2519 705 1428 4883 1128 4376 930
[DEBUG] Visitando nó 4777. Vizinhos: 1869 2693 1810 4473 1128 4518 2241 1842 3072
[DEBUG] Visitando nó 1045. Vizinhos: 2003 2093 2855 1000 3375 3888 29 1128 3381 4948
[DEBUG] Visitando nó 4359. Vizinhos: 740 3754 1846 1842 2115 476 1438 1662 1128 3989 1822
[DEBUG] Visitando nó 2976. Vizinhos: 153 71 2460 414 319 1128 4279 1511
[DEBUG] Visitando nó 2251. Vizinhos: 2429 3981 1818 4047 1765 1128 4268 4672 1078 2379 2748
[DEBUG] Visitando nó 3829. Vizinhos: 2211 890 3101 3842 2451 2919 3857 1017 4871 2438
[DEBUG] Visitando nó 4651. Vizinhos: 2869 2857 1506 1017 590
[DEBUG] Visitando nó 4164. Vizinhos: 40 344 1017 3047 3648 1068 764 2611 4650
[DEBUG] Visitando nó 449. Vizinhos: 1074 1017 4499 4724 3758 495
[DEBUG] Visitando nó 1112. Vizinhos: 880 1891 2510 1507 2602 2738 2105 1961 1838 1538
[DEBUG] Visitando nó 3722. Vizinhos: 4281 340 4724 1991 4456 1961 1070 4379 349
[DEBUG] Visitando nó 4445. Vizinhos: 3174 2762 3058 3963 4308 4245 2256 1961
[DEBUG] Visitando nó 1426. Vizinhos: 4173 4694 1322 4944 1961 260 2831 2696
[DEBUG] Visitando nó 4028. Vizinhos: 2591 4825 1735 1961 2705 2096 2736 2713 348 3892 
[DEBUG] Visitando nó 4030. Vizinhos: 525 1961 2593 463 3452 1848 345 1440 2011
[DEBUG] Visitando nó 3676. Vizinhos: 2766 1213 3679 574 506 3507 4091 1264
[DEBUG] Visitando nó 4474. Vizinhos: 259 241 3962 1731 3611 3827 2955 3507 3 589
[DEBUG] Visitando nó 1790. Vizinhos: 2897 589 955 1158 56 3507 1902
[DEBUG] Visitando nó 2030. Vizinhos: 2343 4300 3507 2206 3174 2021 906
[DEBUG] Visitando nó 1924. Vizinhos: 31 3399 2310 728 1961 3507 2010 790
[DEBUG] Visitando nó 2967. Vizinhos: 25 499 950 3507 413 4391 2850 3361 1431 4282 1114 4283
[DEBUG] Visitando nó 2059. Vizinhos: 443 3507 4 4457 2714 141 4602
[DEBUG] Visitando nó 4615. Vizinhos: 3074 3507 137 2943 4091 2962 4586 3237
[DEBUG] Visitando nó 60. Vizinhos: 4405 1770 3507 14 4045 317 1086 3502 2766 1631 4027 4957
[DEBUG] Visitando nó 1380. Vizinhos: 2662 4377 2297 2711 4003 3940 487 2484 1246 3917 4342 4750 4152 1752 2286
[DEBUG] Visitando nó 3408. Vizinhos: 3388 3190 1752 2258 2943
[DEBUG] Visitando nó 1294. Vizinhos: 581 991 2772 4070 1169 1766 4305 1752 2322 3405 4783
[DEBUG] Visitando nó 2353. Vizinhos: 4380 143 1920 1752 1860 1560 958 1212 3134
[DEBUG] Visitando nó 513. Vizinhos: 687 1621 1273 3033 4381 158 1752 745 2405 3377 492 1302 2552
[DEBUG] Visitando nó 1191. Vizinhos: 4636 421 1752 4357 1964 2039 371
[DEBUG] Visitando nó 251. Vizinhos: 2886 3723 2717 552 2166 3094 1752 1359 111 933 1215 2723 4552 3832 3307 1176        
[DEBUG] Visitando nó 4315. Vizinhos: 3597 2961 1039 1752 3397 1689 1360 3335 2396
[DEBUG] Visitando nó 1011. Vizinhos: 1521 1752 2165 3279 2049 1382 2145 3925 16 4917
[DEBUG] Visitando nó 3086. Vizinhos: 1129 3389 3814 2193
[DEBUG] Visitando nó 1243. Vizinhos: 285 3400 2160 3389 3695 2547 653 
[DEBUG] Visitando nó 688. Vizinhos: 425 3891 526 3389 2608 4757 4690 3641
[DEBUG] Visitando nó 2220. Vizinhos: 1267 794 689 1611 1033 418 2603 4129 4419 1668 1125 4847 3818 1072
[DEBUG] Visitando nó 647. Vizinhos: 4568 2603 875
[DEBUG] Visitando nó 2576. Vizinhos: 1406 1488 2028 2603 978 1466 952 1887 2688 3161 348
[DEBUG] Visitando nó 131. Vizinhos: 595 3054 4563 1459 4176 2524 2060 469 2545 1052 1484 3688
[DEBUG] Visitando nó 2489. Vizinhos: 1985 2023 1583 3975 516 1484 2668
[DEBUG] Visitando nó 2205. Vizinhos: 1410 1484 1783 2666 4188 3959 1915 2403 1443 551 1701 3694
[DEBUG] Visitando nó 635. Vizinhos: 427 1395 2096 4243 4631 337 983 1484 1058 4523 2532 2974 4625
[DEBUG] Visitando nó 1470. Vizinhos: 4887 2932 1484 21 3341 13
[DEBUG] Visitando nó 1513. Vizinhos: 1484 1616 4791 3182 466 4985 3924 1347 1601 3940 1615
[DEBUG] Visitando nó 1402. Vizinhos: 4823 1484 2526 602 989 3105 1822 2307 3485 720
[DEBUG] Visitando nó 2749. Vizinhos: 3277 2022 3919 4859 4527 4468 1626 2953 2371 3934 4476 7
[DEBUG] Visitando nó 3338. Vizinhos: 2955 493 4468 1873 4386 1367 3072 1824 4576 3096 350 1669
[DEBUG] Visitando nó 1406. Vizinhos: 4005 3959 4033 4366 2576 2424 1823 3384 4468 4503 3805 2655 3510
[DEBUG] Visitando nó 2243. Vizinhos: 3524 4468 803 792 883 2039 1838
[DEBUG] Visitando nó 1365. Vizinhos: 2028 4565 4468 3313 2803 1893 165 117 3199 2757 4202 1264
[DEBUG] Visitando nó 4019. Vizinhos: 1498 653 562 1518 2646
[DEBUG] Visitando nó 3967. Vizinhos: 1021 2179 1730 3059 2646 4481 3655 1436 3023
[DEBUG] Visitando nó 2987. Vizinhos: 137 3681 2606 1550 2646 2332 1157 2338 3632
[DEBUG] Visitando nó 1070. Vizinhos: 2105 1435 424 4377 2646 4194 78 3649 4505 3722
[DEBUG] Visitando nó 4589. Vizinhos: 4043 3964 4812 2646 4040 1618 4254 2168
[DEBUG] Visitando nó 3019. Vizinhos: 3730 793 3164 3494 3654 912 13 3112 1808
[DEBUG] Visitando nó 4215. Vizinhos: 1625 3115 3112 1445 4930 4384
[DEBUG] Visitando nó 1428. Vizinhos: 2979 3112 4236 2324 4381 2848 4522 4912
[DEBUG] Visitando nó 3922. Vizinhos: 2753 3112 3846 1921 2774 20 742
[DEBUG] Visitando nó 2365. Vizinhos: 4799 2102 4500 1215 2006 3172 1685
[DEBUG] Visitando nó 2170. Vizinhos: 342 2347 1479 1659 4427 4695 3884 424 2315 1685 299 2819
[DEBUG] Visitando nó 1878. Vizinhos: 3894 202 4982 2508 1685
[DEBUG] Visitando nó 3048. Vizinhos: 3391 2515 1685 2595 603 4454 113 2579 1263
[DEBUG] Visitando nó 4081. Vizinhos: 1347 2655 244 2356 1005 1685 4994 412 1156 4979 3672 2945
[DEBUG] Visitando nó 1713. Vizinhos: 3158 1685 699 3999 3725 40 442 1291 2626 1032
[DEBUG] Visitando nó 4513. Vizinhos: 1685 6 3579 1753 2863
[DEBUG] Visitando nó 80. Vizinhos: 1887 664 3245 2091 1169 956 691 3702 1993 913
[DEBUG] Visitando nó 407. Vizinhos: 858 2451 4979 4884 4683 337 1674 789 1993
[DEBUG] Visitando nó 3490. Vizinhos: 2698 3664 3377 702 2674 1993 597
[DEBUG] Visitando nó 155. Vizinhos: 33 4431 917 1209 3775 1993 4296 1261
[DEBUG] Visitando nó 396. Vizinhos: 1716 2577 1007 1993 3566 3941
[DEBUG] Visitando nó 4611. Vizinhos: 3642 3703 2945 189 3802 329 490 4848 1593 1993 3440 2548 4738 935 3271 4068        
[DEBUG] Visitando nó 4434. Vizinhos: 2973 1066 1993 3902 2665 2854 179 3527
[DEBUG] Visitando nó 1244. Vizinhos: 2820 1993 2465 1399 2679 2395 164
[DEBUG] Visitando nó 2057. Vizinhos: 100 1163 2552 21 4142 108
[DEBUG] Visitando nó 4751. Vizinhos: 3328 514 3975 3279 108 3920 230 31
[DEBUG] Visitando nó 4954. Vizinhos: 595 1145 4325 3057 1198 4728 2478 108 2887 3836 3582 4798
[DEBUG] Visitando nó 918. Vizinhos: 2438 1415 2698 2847 83 108 2529 1621 3697 227 2412
[DEBUG] Visitando nó 765. Vizinhos: 1347 37 1803 321 108 2707 3740
[DEBUG] Visitando nó 3849. Vizinhos: 4005 3277 4232 3874 2327 2595 609 4332 677 2013 108 4823 4678 1005 679
[DEBUG] Visitando nó 545. Vizinhos: 2343 529 35 108 2521 1175 271 1498 2468 184 418 2018 2110 2517
[DEBUG] Visitando nó 3562. Vizinhos: 2509 108 3614 3636 532 3329
[DEBUG] Visitando nó 4778. Vizinhos: 4313 1179 108 2067 1875 537 2739 1493
[DEBUG] Visitando nó 2424. Vizinhos: 1406 2474 760 3813 207 2466 2418
[DEBUG] Visitando nó 192. Vizinhos: 235 908 760 59 3964 3105 1909 3429
[DEBUG] Visitando nó 3747. Vizinhos: 270 2307 1994 3561 4262 2104 3559 1796 1764 576
[DEBUG] Visitando nó 3352. Vizinhos: 1586 188 2740 706 4812 51 1764 3281
[DEBUG] Visitando nó 3428. Vizinhos: 1577 1764 4533 499 1363 2337 2142 3679
[DEBUG] Visitando nó 4038. Vizinhos: 4226 604 3647 1764 286 4247 2998 3351
[DEBUG] Visitando nó 1512. Vizinhos: 3349 1764 4240 2516 3558 697
[DEBUG] Visitando nó 3457. Vizinhos: 4531 2454 2038 4224 3736 884 779 2066 125
[DEBUG] Visitando nó 4374. Vizinhos: 280 458 3905 67 3222 2168 125
[DEBUG] Visitando nó 116. Vizinhos: 2218 3993 3290 3910 1229 92 1696 2924 3834 125 2303
[DEBUG] Visitando nó 4826. Vizinhos: 2707 4959 1777 499 1467 642 4272 125 3447 1654
[DEBUG] Visitando nó 3175. Vizinhos: 1360 1391 324 1378 3487 125 4320
[DEBUG] Visitando nó 2933. Vizinhos: 4005 4058 3077 317 125 1780
[DEBUG] Visitando nó 2647. Vizinhos: 1479 3888 2037 4852 562 218 3056 3702 3622 125 3398
[DEBUG] Visitando nó 2731. Vizinhos: 1479 125 2916 2385 1369 3279 677
[DEBUG] Visitando nó 1165. Vizinhos: 3452 596 4498 125 2739 4606 4629 1586 2662 1205 2038 79 
[DEBUG] Visitando nó 2989. Vizinhos: 78 2302 2047 1193 3800 4507 2290
[DEBUG] Visitando nó 4451. Vizinhos: 1333 4103 1193 205 4127 215
[DEBUG] Visitando nó 4337. Vizinhos: 577 3746 1193 2783 2604 507 2317 855 3273
[DEBUG] Visitando nó 1105. Vizinhos: 981 1843 2319 2279 1199 283 1719 882 807
[DEBUG] Visitando nó 3652. Vizinhos: 938 3907 2660 1354 283 3568 109 1948 4082
[DEBUG] Visitando nó 1001. Vizinhos: 151 3888 3519 3150 283 1197 1997 4699
[DEBUG] Visitando nó 4656. Vizinhos: 4561 3087 2782 283 3049 1724 4667 907 3873 3545 4418
[DEBUG] Visitando nó 872. Vizinhos: 548 283 4158 2425 1931 3909
[DEBUG] Visitando nó 2123. Vizinhos: 493 1320 4902 4418 2654 3989
[DEBUG] Visitando nó 2803. Vizinhos: 4559 4061 1237 3544 1365 2569 2906 2235 2654 1602 2088
[DEBUG] Visitando nó 447. Vizinhos: 2787 1471 3324 4275 2654
[DEBUG] Visitando nó 518. Vizinhos: 930 4552 2368 2654 979 2079 3085 2552 4250
[DEBUG] Visitando nó 1664. Vizinhos: 4698 3281 2215 2654 2355 3984 2953 1568
[DEBUG] Visitando nó 1176. Vizinhos: 1841 2654 743 3723 4042 1691 2055 276 725 251
[DEBUG] Visitando nó 1340. Vizinhos: 2654 3810 1401 1260 2157
[DEBUG] Visitando nó 4817. Vizinhos: 2654 1927 4888 1388 15 4863 3578 1072
[DEBUG] Visitando nó 1303. Vizinhos: 2855 2654 4880 3543 1560 4264 213 2280 4142
[DEBUG] Visitando nó 4505. Vizinhos: 1883 4074 2643 4264 97 1042 497 3763 1971 2058 1070 2963
[DEBUG] Visitando nó 4103. Vizinhos: 2029 4451 1971 675 801
[DEBUG] Visitando nó 3553. Vizinhos: 1463 2234 448 2993 3844
[DEBUG] Visitando nó 2927. Vizinhos: 4915 684 587 2993 1508 3360 2712
[DEBUG] Visitando nó 495. Vizinhos: 512 2713 624 828 891 2993 1711 573 4547 3001 449 1496
[DEBUG] Visitando nó 4320. Vizinhos: 38 661 767 2993 401 4522 3413 2542 3175 2477 776 
[DEBUG] Visitando nó 3788. Vizinhos: 3929 2993 1277 1591 4467
[DEBUG] Visitando nó 4701. Vizinhos: 949 4676 2985 2586 2993 4796 3343 2584 4699
[DEBUG] Visitando nó 4755. Vizinhos: 2993 1649 714 3771 1948 2624 2597 3924
[DEBUG] Visitando nó 4601. Vizinhos: 2993 1947 153 3977 745 1974 48 2192 924 1462 482
[DEBUG] Visitando nó 3851. Vizinhos: 2993 2385 4678 2294 379 2587 4360
[DEBUG] Visitando nó 3214. Vizinhos: 2993 1554 4983 3418 2661 2960 4159 1762 31
[DEBUG] Visitando nó 3881. Vizinhos: 3222 2993 4035 2886 4940 412 880 191 340
[DEBUG] Visitando nó 1154. Vizinhos: 180 3141 3618 169 2687 2668 2441 3631 1163 2775
[DEBUG] Visitando nó 660. Vizinhos: 778 3122 331 3631 1614 2505 4799 3118
[DEBUG] Visitando nó 4497. Vizinhos: 4563 4952 3631 4525 4459 4610 2750 1899
[DEBUG] Visitando nó 2939. Vizinhos: 686 3631 123 2620 3061 2094 959
[DEBUG] Visitando nó 2345. Vizinhos: 801 3631 466 2984 4245 2138 848 34 2694 2158 1909
[DEBUG] Visitando nó 2112. Vizinhos: 2462 13 1873 3486 3203
[DEBUG] Visitando nó 894. Vizinhos: 4590 490 3625 4766 4665 4187 4514 4750 2183 1318 964 4500
[DEBUG] Visitando nó 3901. Vizinhos: 18 35 4722 3385 4226 773 416 1722 3533 181 2536
[DEBUG] Visitando nó 312. Vizinhos: 740 2852 2477 4722 1629 2285 2641 45
[DEBUG] Visitando nó 1460. Vizinhos: 4035 1672 4722 952 1618 4269 4914
[DEBUG] Visitando nó 1636. Vizinhos: 4264 3963 4722 3596 1027 256 146
[DEBUG] Visitando nó 3696. Vizinhos: 119 4722 4183 3671
[DEBUG] Visitando nó 222. Vizinhos: 4722 2823 1615 4126 1853 4618
[DEBUG] Visitando nó 4536. Vizinhos: 3379 2331 3349 3903 4722 4100 777 2648 4976
[DEBUG] Visitando nó 1558. Vizinhos: 3355 339 2342 3358 4868 3089 3619 2667 1332 621 122 1827 3282
[DEBUG] Visitando nó 4196. Vizinhos: 942 3619 1683 4278 2969 267 2214 4302 4671
[DEBUG] Visitando nó 2819. Vizinhos: 3684 4858 3619 2507 4091 4176 588 2170
[DEBUG] Visitando nó 1758. Vizinhos: 2449 3619 1856 2308 233 4907 4987
[DEBUG] Visitando nó 4363. Vizinhos: 4746 1950 1700 3619 4079 3748 2853 1580 2212 1264
[DEBUG] Visitando nó 3044. Vizinhos: 1282 129 68 69 2406 3909
[DEBUG] Visitando nó 1121. Vizinhos: 4366 3417 595 142 2694 323 2406 1088
[DEBUG] Visitando nó 2442. Vizinhos: 2702 1520 1389 1645 4370 3547 3104 46 2406 3586 3016
[DEBUG] Visitando nó 156. Vizinhos: 3731 2703 397 3060 2801 966 3011 2406 2143 471
[DEBUG] Visitando nó 4683. Vizinhos: 3522 2962 949 407 2406 2332 1939 3174 4858 4619
[DEBUG] Visitando nó 341. Vizinhos: 3449 2289 3184 2186 3315 2406 1519 4937 781 337 1308 1663 3617 305
[DEBUG] Visitando nó 2248. Vizinhos: 434 2406 2898 3286 3947 2859
[DEBUG] Visitando nó 1122. Vizinhos: 1110 698 4053 2336 1409 2373 2754 2601
[DEBUG] Visitando nó 3217. Vizinhos: 184 2758 4734 2601 206 1729 2246 3740 3017 4586
[DEBUG] Visitando nó 4027. Vizinhos: 3755 4252 2601 3112 2176 3858 2618 2663 315 60 3489 1913
[DEBUG] Visitando nó 1626. Vizinhos: 3929 2811 2017 4533 1128 2926 2601 1533 3684 3470 2749 1773 2542
[DEBUG] Visitando nó 442. Vizinhos: 4542 2601 4885 3454 1713 998 2631
[DEBUG] Visitando nó 482. Vizinhos: 4003 2601 2276 4949 4396 1335 3129 4447 3474 4601 4976 905
[DEBUG] Visitando nó 4733. Vizinhos: 2601 1225 3464
[DEBUG] Visitando nó 3656. Vizinhos: 2601 835 2458 1134 2418
[DEBUG] Visitando nó 1604. Vizinhos: 2601 4614 1314 380 4924 1912
[DEBUG] Visitando nó 1723. Vizinhos: 2601 502 132 4731 2687
[DEBUG] Visitando nó 3202. Vizinhos: 3521 2601 340 4851 3751 1199 199 4199 3498 1799 2273 115 
[DEBUG] Visitando nó 725. Vizinhos: 4753 4514 3005 691 1234 2139 3223 1954 1381 673 1250 1212 4345 1176
[DEBUG] Marcando nó 3005 como visitado
[DEBUG] Visitando nó 3005. Vizinhos: 725
[DEBUG] Visitando nó 2108. Vizinhos: 3716 852 2786 168 1366 4070 1250 471
[DEBUG] Visitando nó 2356. Vizinhos: 4997 4081 2119 75 1250 1234 2421
[DEBUG] Visitando nó 2774. Vizinhos: 2881 392 1082 1240 1250 3750 3922 1862 4194 1262
[DEBUG] Visitando nó 1306. Vizinhos: 4939 2858 2893 4186 2680 1250 2818 3227 3127 3451 2370
[DEBUG] Visitando nó 1770. Vizinhos: 60 3671 2874 1948 1250 1229 2782 1030 4090 4154 242
[DEBUG] Visitando nó 4109. Vizinhos: 1250 3784 708 3707 1033 4345 3536 4098
[DEBUG] Visitando nó 1883. Vizinhos: 1704 3614 3832 4252 4505 2020 2780 2522 971 1250 3179 1539 2604 1967 1455 1621 2097

[DEBUG] Visitando nó 2834. Vizinhos: 2 4009 3657 751 4929 1993 1342 1931 3353 1076 1389 3300 4355 2362 1135
[DEBUG] Visitando nó 3242. Vizinhos: 4876 83 2609 2362 1911 3835 4709 938
[DEBUG] Visitando nó 2483. Vizinhos: 98 937 1738 2362 2924 634 4121 254 2677
[DEBUG] Visitando nó 2502. Vizinhos: 1749 2362 23 1378 1979 2006
[DEBUG] Visitando nó 2119. Vizinhos: 2362 356 1824 2356 2845 4624 3554 3874 1817 2687
[DEBUG] Visitando nó 4192. Vizinhos: 2362 1197 1405 3297 3818 3471 13
[DEBUG] Visitando nó 4970. Vizinhos: 4404 2362 4903 905 2028 1193 543 1879 403
[DEBUG] Visitando nó 3484. Vizinhos: 4492 2022 3835 2024 307 439 2592 4784
[DEBUG] Visitando nó 1194. Vizinhos: 4667 4844 3906 2592 2591
[DEBUG] Visitando nó 454. Vizinhos: 2845 3663 228 2570 2288 3238 2592 4020 2438 3683 897 756 1251 895 2402 4633
[DEBUG] Visitando nó 2150. Vizinhos: 3250 587 1325 1473 734 1515 2592 4165
[DEBUG] Visitando nó 4177. Vizinhos: 3296 3917 1535 747 4903 3594 2592 144 3691 208 1879 3398 3169 
[DEBUG] Visitando nó 280. Vizinhos: 1704 3158 180 4556 2359 446 4374 2592 2991 1972 550
[DEBUG] Visitando nó 4606. Vizinhos: 2691 2035 2592 1900 4771 2523 1165 3803
[DEBUG] Visitando nó 56. Vizinhos: 2592 4847 2461 1166 1790 1718 384 3873
[DEBUG] Visitando nó 1663. Vizinhos: 2592 1577 4739 4100 1128 3500 341 3644 4846 1018
[DEBUG] Visitando nó 3500. Vizinhos: 4792 2592 2349 4426 2376 975 3185 1663 4571 2859 557
[DEBUG] Visitando nó 3379. Vizinhos: 1933 4536 901 2441 1685 4838 242 1882 1555 820 757
[DEBUG] Visitando nó 1774. Vizinhos: 2993 1378 1061 2606 43 4838 2056 3872 2812 1808
[DEBUG] Visitando nó 4726. Vizinhos: 4462 205 1229 4838 2082 3204 1783 3779
[DEBUG] Visitando nó 4155. Vizinhos: 2536 4838 182 4753 4283 206
[DEBUG] Visitando nó 4885. Vizinhos: 1144 1572 442 721 4838 2165 777 2300
[DEBUG] Visitando nó 4850. Vizinhos: 689 4883 3190 4838 1928 668 3714 1826
[DEBUG] Visitando nó 649. Vizinhos: 1074 1036 4838 570 4685 2561 4690 4236
[DEBUG] Visitando nó 1006. Vizinhos: 4838 3432 1769 1366 4599 411 4813
[DEBUG] Visitando nó 2845. Vizinhos: 4727 4838 454 1075 648 2119 1733 2184 699 1321 2490
[DEBUG] Visitando nó 2829. Vizinhos: 1514 1004 1455 1914 2688 3146 4208 2793 1917 842
[DEBUG] Visitando nó 2745. Vizinhos: 2869 2408 1632 4047 3888 4512 415 3134 4146 826 3140 2917 2862 4208 1126 345       
[DEBUG] Visitando nó 2277. Vizinhos: 10 4855 2780 4208 4282 477
[DEBUG] Visitando nó 981. Vizinhos: 3009 1105 2830 2946 4208 1206 677 4991 172 2400 4757
[DEBUG] Visitando nó 3627. Vizinhos: 4377 1114 479 1740 1422 1716 1976
[DEBUG] Visitando nó 4571. Vizinhos: 3427 4691 958 4068 3500 1072 1976
[DEBUG] Visitando nó 3725. Vizinhos: 241 2063 3229 41 4256 2471 990 1713 463 1976 
[DEBUG] Visitando nó 3934. Vizinhos: 2240 1022 1291 326 2397 4875 789 1791 2749 1976
[DEBUG] Visitando nó 2975. Vizinhos: 4649 2330 729 607 1976 165 763 1081
[DEBUG] Visitando nó 3292. Vizinhos: 4378 293 4305 2344 3503 832 1976 4560 1091
[DEBUG] Visitando nó 4932. Vizinhos: 4433 829 2693 266 1686 1123 3831 255 1976 961 1704 1151
[DEBUG] Visitando nó 1597. Vizinhos: 237 1802 1976
[DEBUG] Visitando nó 4612. Vizinhos: 4301 1976 2357 1786
[DEBUG] Visitando nó 4610. Vizinhos: 2253 1464 927 1278 1976 1430 4497 4906
[DEBUG] Visitando nó 3302. Vizinhos: 773 1976 4398 1015 4254 4146 228
[DEBUG] Visitando nó 853. Vizinhos: 1976 3495 4138 3380 4450 3814 3741 1573 1171
[DEBUG] Visitando nó 2475. Vizinhos: 1830 1976 3799 4633 2011 1013 4531 3937 628 3640
[DEBUG] Visitando nó 4390. Vizinhos: 427 1874 4965 3678 1899 1685 4917 4578 198 4393 4784 2275
[DEBUG] Visitando nó 1582. Vizinhos: 4396 596 3213 2275 3415 4364 2441
[DEBUG] Visitando nó 4806. Vizinhos: 1350 4975 2473 2369 2275 3277
[DEBUG] Visitando nó 2504. Vizinhos: 2275 546 1370 2506 3133 1374 370 3974 597 690 1119 4395
[DEBUG] Visitando nó 2235. Vizinhos: 2275 1525 1947 675 4745 223 2803 2846 4270 4157
[DEBUG] Visitando nó 1913. Vizinhos: 1286 1808 3328 2275 1733 2078 4401 4849 1853 4402 979 4883 833 4027 4224
[DEBUG] Visitando nó 617. Vizinhos: 539 1919 4382 1242 3792 4521 2320 2771 698 2027 4616
[DEBUG] Visitando nó 3585. Vizinhos: 2361 2027 4900
[DEBUG] Visitando nó 1055. Vizinhos: 2207 4918 119 4009 4900 610 71 2027 3131
[DEBUG] Visitando nó 3491. Vizinhos: 97 483 74 2184 304 2027 4647 4261 1775 4896 784 3665
[DEBUG] Visitando nó 19. Vizinhos: 62 2027 3049 2542 3298 675 1208
[DEBUG] Visitando nó 2609. Vizinhos: 3729 1749 3742 1807 3242 2510 1203 4969 36 2525 3473
[DEBUG] Visitando nó 3412. Vizinhos: 3660 3718 2950 2756 2021 487 36 4136 2790 4994
[DEBUG] Visitando nó 1336. Vizinhos: 4106 4661 2449 36 2195 1803 2931
[DEBUG] Visitando nó 2021. Vizinhos: 1023 3853 773 2378 3550 2661 1759 36 2030 3412 2907 1101 1573 1205 3641 899        
[DEBUG] Visitando nó 1348. Vizinhos: 3972 4281 36 711 2077 2497 3298 3808
[DEBUG] Visitando nó 1819. Vizinhos: 36 2125 7 1701 4997
[DEBUG] Visitando nó 3403. Vizinhos: 36 1650 1519 2594 2363 1840 10 4968 3819 2553
[DEBUG] Visitando nó 3449. Vizinhos: 1110 341 36 2247 1520 29 4557 4357 3673 3169 144 3164 4500 3243 3775
[DEBUG] Visitando nó 1376. Vizinhos: 1644 4652 463 4365 4852 754 3218 3247 4397 2982 741 3920 1368 392
[DEBUG] Visitando nó 1454. Vizinhos: 1595 2988 1317 741 4265 2544 45 2746 4026 672 662 4229
[DEBUG] Visitando nó 874. Vizinhos: 3960 756 1728 2941 279 1410 4024 867 191 1078 2542 613 741 3678 1661 4977
[DEBUG] Visitando nó 552. Vizinhos: 2627 493 741 251 4895 1745 4004 718
[DEBUG] Visitando nó 2333. Vizinhos: 741 2187 2521 1962
[DEBUG] Visitando nó 290. Vizinhos: 741 2328 2012 1583 1397 3087 3743
[DEBUG] Visitando nó 3234. Vizinhos: 2801 77 741 4835 3634 1197 4990 268 3469 180 2940 4352
[DEBUG] Visitando nó 4274. Vizinhos: 2848 4723 632 1200 2316 2593
[DEBUG] Visitando nó 3185. Vizinhos: 4922 1360 4590 3129 3819 2185 1603 2253 1200 1914 3500 113 2707 4515
[DEBUG] Visitando nó 1485. Vizinhos: 3518 1102 4660 277 4484 1200 2358 3827 4653 133 4690 362 2086
[DEBUG] Visitando nó 2153. Vizinhos: 4968 4053 1200 2469 1847 2681 4846 1980 3154
[DEBUG] Visitando nó 3712. Vizinhos: 3168 3994 4623 927 4418 1200 1229 2562 2335
[DEBUG] Visitando nó 2230. Vizinhos: 1200 2198 1903 4796 1825 817 868 463
[DEBUG] Visitando nó 778. Vizinhos: 4343 660 3587 2973 1200 3124 1811 3641 2707 3942 2600 1728 4876 
[DEBUG] Visitando nó 871. Vizinhos: 3558 1710 4383 3776 214 4616 3570 1942 1779 4127
[DEBUG] Visitando nó 2443. Vizinhos: 2929 4230 33 2738 848 1942 154 4441 2650
[DEBUG] Visitando nó 4250. Vizinhos: 1442 1068 1419 31 4 518 1942
[DEBUG] Visitando nó 3434. Vizinhos: 2414 3337 2320 2300 2020 3509 31 1939 1949 2914 1942 240
[DEBUG] Visitando nó 3994. Vizinhos: 3712 4704 1335 3838 1969 38 1684 1942 2
[DEBUG] Visitando nó 2637. Vizinhos: 2996 4385 4790 3118 3620 2998 3344 190 1942 1954 3827
[DEBUG] Visitando nó 758. Vizinhos: 4402 2107 1942 3576 4489 656 4857 4224 1817 1074
[DEBUG] Visitando nó 1682. Vizinhos: 792 3000 2776 2092 1942 2614 2506 58 1059 2178
[DEBUG] Visitando nó 144. Vizinhos: 1357 4177 1942 3449 607 1755 2387
[DEBUG] Visitando nó 601. Vizinhos: 342 3371 2569 3043 1942 2426 2120 2713 4564 4280 3950
[DEBUG] Visitando nó 2702. Vizinhos: 4676 2442 1942 408 2159 3957 3476 4202 2138 3174 300
[DEBUG] Visitando nó 899. Vizinhos: 1268 3205 2021
[DEBUG] Visitando nó 362. Vizinhos: 779 4288 1283 1371 3029 3205 1937 3687 2920 1485
[DEBUG] Visitando nó 1610. Vizinhos: 4420 666 3938 3012 3205 2065 4561 2173 2019 3456 2101 2880
[DEBUG] Visitando nó 1872. Vizinhos: 3826 2084 1780 3125 2441 2467 1840
[DEBUG] Visitando nó 3754. Vizinhos: 4359 2694 3826 4067 107 3599 4735 374 1783 1895 2238
[DEBUG] Visitando nó 2377. Vizinhos: 110 1845 1685 1838 505 3488 61
[DEBUG] Visitando nó 532. Vizinhos: 2998 4734 3378 1646 3562 3547 3550 61 4464 
[DEBUG] Visitando nó 2160. Vizinhos: 4855 690 1243 1500 217 2202 2090 1086 3363 1288 61 563 2406 4139
[DEBUG] Visitando nó 1382. Vizinhos: 353 4511 374 1011 937 61 3262 3524
[DEBUG] Visitando nó 4172. Vizinhos: 3168 877 2172 4238 1328 708 4927 3852 463 61 1335 275 408 4237
[DEBUG] Visitando nó 628. Vizinhos: 1841 61 3417 3987 4427 2475 2613
[DEBUG] Visitando nó 4044. Vizinhos: 61 4475 4642 2650 2896
[DEBUG] Visitando nó 580. Vizinhos: 1787 61 707 4807 1234 4418 4996 2246 1527 4524
[DEBUG] Visitando nó 733. Vizinhos: 3743 4655 1869 1109 2578 466 4541 2001 1405
[DEBUG] Visitando nó 1618. Vizinhos: 2001 3470 2888 534 4589 2812 1460 2565 3584
[DEBUG] Visitando nó 4720. Vizinhos: 1534 1053 770 1532 3398 4921 2562 1119
[DEBUG] Visitando nó 3114. Vizinhos: 4195 712 4313 2000 4453 141 1271 3543 415 365 1193 4921 398
[DEBUG] Visitando nó 3542. Vizinhos: 2002 2015 3573 4921 4191
[DEBUG] Visitando nó 3723. Vizinhos: 251 4921 2752 2044 4188 1081 1148 2821 4808 1176 1469 4583 2777 3647
[DEBUG] Visitando nó 2215. Vizinhos: 1664 546 2557 795 3511 2322 1065 1799 2491 2229 1537
[DEBUG] Visitando nó 3073. Vizinhos: 782 4949 2009 2851 2115 1204 2229 2065 2653
[DEBUG] Visitando nó 393. Vizinhos: 2211 1431 3709 1205 2229 2406 1717 819
[DEBUG] Visitando nó 2673. Vizinhos: 4550 165 2229 896 1078 704 4423
[DEBUG] Visitando nó 457. Vizinhos: 2229 54 2178 2274
[DEBUG] Visitando nó 3758. Vizinhos: 2229 1898 4410 2597 1645 1886 1300 449 4095 4744 39 507
[DEBUG] Visitando nó 817. Vizinhos: 2229 4444 847 560 2115 2230 2315
[DEBUG] Visitando nó 4193. Vizinhos: 2229 4581 1675 1330 2440 1749 1887 1945
[DEBUG] Visitando nó 4946. Vizinhos: 3229 2229 1314 3665 1944
[DEBUG] Visitando nó 4227. Vizinhos: 2089 3243 1017 3492
[DEBUG] Visitando nó 2511. Vizinhos: 2089 3150 1707 3357 849 615 830
[DEBUG] Visitando nó 685. Vizinhos: 2089 2193 354 1763 4895 589 830 1349 416
[DEBUG] Visitando nó 1772. Vizinhos: 1052 1007 3436 2496 2634 2269 162 4925 3249 4659
[DEBUG] Visitando nó 1734. Vizinhos: 2562 1891 3612 566 1028 4659 1840
[DEBUG] Visitando nó 4508. Vizinhos: 4441 2114 3348 4663 2406 1698 4659
[DEBUG] Visitando nó 2371. Vizinhos: 2644 3150 3396 3620 236 4659 1401 2749 209 3569 3215
[DEBUG] Visitando nó 78. Vizinhos: 314 4017 98 2989 4659 2747 4462 1780 1877 1070 2271 3594 2924 2862 3197 3151 3285 2355
[DEBUG] Visitando nó 2561. Vizinhos: 4659 2329 127 1699 3288 649 928 4816
[DEBUG] Visitando nó 4340. Vizinhos: 4659 431 1324 288 4116 637 266 2403
[DEBUG] Visitando nó 705. Vizinhos: 4659 2481 1400 4950 4407 4381 4768 3313 2979
[DEBUG] Visitando nó 1064. Vizinhos: 3137 4659 4370 1411 4717 3395 2292
[DEBUG] Visitando nó 4811. Vizinhos: 1699 243 687 3582 1522 640 480 1391 3402 2981 2534 4411 4454 698
[DEBUG] Visitando nó 2624. Vizinhos: 2998 2534 4798 2023 1765 2458 4755 3426 2556
[DEBUG] Visitando nó 4503. Vizinhos: 3387 472 969 2534 3713 4681 2082 1406 2993 67 3671 4057
[DEBUG] Visitando nó 3693. Vizinhos: 2534 2565 1344 777 1601 1047 1274
[DEBUG] Visitando nó 4371. Vizinhos: 150 2534 3737 4015 926 1126
[DEBUG] Visitando nó 1179. Vizinhos: 4778 2543 3455 3447 3035 53 4006 4666 797 2896 4413 3197 2704 
[DEBUG] Visitando nó 1110. Vizinhos: 4055 2957 3449 3145 1122 288 4249 4912 2097 870 2520 2704
[DEBUG] Visitando nó 4001. Vizinhos: 641 470 2952 1229 956 2593 2704
[DEBUG] Visitando nó 4528. Vizinhos: 3478 1680 3054 4587 1744 2704 2495
[DEBUG] Visitando nó 4111. Vizinhos: 1073 2942 118 4251 834 2704 2726 69
[DEBUG] Visitando nó 4622. Vizinhos: 2704 2276 3844 856 2630 3210
[DEBUG] Visitando nó 2471. Vizinhos: 2704 3725 3626
[DEBUG] Visitando nó 4901. Vizinhos: 2704 2705 3637 2723 217
[DEBUG] Visitando nó 3268. Vizinhos: 2704 1982 642 623 4874 686 3316 444 3720 747 2092 1686 2807
[DEBUG] Visitando nó 4214. Vizinhos: 4246 3081 225 151 2704 4364 3576
[DEBUG] Visitando nó 4330. Vizinhos: 4939 4768 4430 1417 2298 351 2049 4787
[DEBUG] Visitando nó 3684. Vizinhos: 4635 2819 1626 2636 4068 1061 498 351 1361 1076 24 3822 4889
[DEBUG] Visitando nó 3301. Vizinhos: 3845 4408 4662 2334 561 351 2596 4151 4814
[DEBUG] Visitando nó 1074. Vizinhos: 1029 347 449 649 4105 3534 509 351 4980 1044 2582 3065 4156 1906 758
[DEBUG] Visitando nó 1234. Vizinhos: 351 725 580 2356 2558 3134 2037 3820 3830 3309 3344
[DEBUG] Visitando nó 4886. Vizinhos: 1020 1707 3244 4818 351 3177 3917 2058 1371 3745
[DEBUG] Visitando nó 4766. Vizinhos: 4043 894 3425 2209 4349 3009 4113 1606 2985
[DEBUG] Visitando nó 1080. Vizinhos: 1161 4349 4875 665 603 2612 851 1759 
[DEBUG] Visitando nó 2226. Vizinhos: 2596 2638 3321 3211 1560 1298 3189 3342
[DEBUG] Visitando nó 1459. Vizinhos: 131 3211 2689 4567 461
[DEBUG] Visitando nó 1716. Vizinhos: 3811 4317 396 3195 1768 2269 65 510 3721 3910 2750 186 1566 3602 3627 3061
[DEBUG] Visitando nó 566. Vizinhos: 65 2105 2780 833 2027 1701 3429 4402 1560 1734 799 2459 4384
[DEBUG] Visitando nó 85. Vizinhos: 65 2221 1892 2958 1355 1137 2957 284
[DEBUG] Visitando nó 4205. Vizinhos: 687 65 4721 812 4725 1620 1462
[DEBUG] Visitando nó 2376. Vizinhos: 2961 4566 61 3500 1497 4276 2564 2312
[DEBUG] Visitando nó 4012. Vizinhos: 4046 4549 4871 2864 2969 4276 1050
[DEBUG] Visitando nó 4457. Vizinhos: 1662 4276 2059 1170
[DEBUG] Visitando nó 957. Vizinhos: 3599 1013 966 3663 3774 2645 4380 3027 212 1453 3437 3016
[DEBUG] Visitando nó 2799. Vizinhos: 1708 941 3437 3027
[DEBUG] Visitando nó 1237. Vizinhos: 615 2859 196 2803 2289 3027 1752 2910 2036 2297
[DEBUG] Visitando nó 1984. Vizinhos: 3027 3235 4605 4825 254 3069 2090 3694 1034
[DEBUG] Visitando nó 1775. Vizinhos: 1842 3027 4719 3022 3682 1983 2871 327 1961 3533 639 3491
[DEBUG] Visitando nó 4539. Vizinhos: 1027 4299 1465 4686 176 4034 557 4531 892
[DEBUG] Visitando nó 1041. Vizinhos: 2305 1567 4686 2411 2679 3929 1793 1015 3706
[DEBUG] Visitando nó 2145. Vizinhos: 3143 3374 2459 4686 177 1011
[DEBUG] Visitando nó 2937. Vizinhos: 4686 2805 2306 316
[DEBUG] Visitando nó 4491. Vizinhos: 4686 2046 1342 656 167 3455
[DEBUG] Visitando nó 585. Vizinhos: 4686 3052 4534 4332 4979 2874 1233 514 4202 741
[DEBUG] Visitando nó 432. Vizinhos: 4686 3003 3673 1837 2102 2052 912
[DEBUG] Visitando nó 3850. Vizinhos: 4686 3762 1733 1855 2545 768 2347 2574 3501
[DEBUG] Visitando nó 4950. Vizinhos: 705 4686 4560 4598 4581 1177 2813 2642 3670 1863
[DEBUG] Visitando nó 2779. Vizinhos: 3988 3666 4787 884 2233 2582 995 1785
[DEBUG] Visitando nó 268. Vizinhos: 1862 2510 3234 2176 489 2233 2872 476
[DEBUG] Visitando nó 376. Vizinhos: 4024 1333 1639 2233 1242 382 2500 104 3947 2918 2397
[DEBUG] Visitando nó 410. Vizinhos: 4506 3824 21 4543 2233 2820 4141 3103 119 1305 2225
[DEBUG] Visitando nó 2279. Vizinhos: 3521 1869 4868 154 76 2193 2233 1105 3432 1916 1908 841
[DEBUG] Visitando nó 208. Vizinhos: 3584 378 2261 2697 1740 2233 804 3186 4177 4015 3902 2539
[DEBUG] Visitando nó 1900. Vizinhos: 2233 4606 2094 1784
[DEBUG] Visitando nó 2261. Vizinhos: 208 2233 323 3731 4846 2249
[DEBUG] Visitando nó 2369. Vizinhos: 3420 54 4812 599 3695 4806 4402 657 2080 2680 4458 2827
[DEBUG] Visitando nó 2285. Vizinhos: 4765 1764 657 4775 2944 312
[DEBUG] Visitando nó 2977. Vizinhos: 2283 657 2385 3382 1785
[DEBUG] Visitando nó 1671. Vizinhos: 657 2495
[DEBUG] Visitando nó 1266. Vizinhos: 4217 657 4620 1235 1281 3874 1325 1215 4860 2706 2951
[DEBUG] Visitando nó 570. Vizinhos: 1149 4161 2326 57 649 3630 3768 236 4475 4083
[DEBUG] Visitando nó 1853. Vizinhos: 1704 2373 57 402 390 1913 222 3818 
[DEBUG] Visitando nó 1928. Vizinhos: 2896 4587 4035 57 4649 352 4850 2091 332 38
[DEBUG] Visitando nó 1381. Vizinhos: 740 2493 2134 3195 30 395 3931 57 1047 255 171 2610 725 4290 588 4080 298
[DEBUG] Visitando nó 1332. Vizinhos: 57 3297 1346 1465 2206 1558 411 593
[DEBUG] Visitando nó 2405. Vizinhos: 57 1255 2844 2660 513 10 4264 911 771 4899
[DEBUG] Visitando nó 1862. Vizinhos: 57 268 14 2774 2849
[DEBUG] Visitando nó 2038. Vizinhos: 57 2001 95 3732 4439 3257 2564 3457 3984 4126 3480 426 4704 1037 1779 4968 1165 1128 4851
[DEBUG] Visitando nó 4243. Vizinhos: 635 57 4073 2968 3879
[DEBUG] Visitando nó 190. Vizinhos: 2572 503 2260 68 4051 47 1401 2637 2053 4870 3035 988 294 4277 780
[DEBUG] Visitando nó 2302. Vizinhos: 2989 4459 59 2964 2744 4277 2776 2585
[DEBUG] Visitando nó 103. Vizinhos: 4153 1224 4277 348 3052
[DEBUG] Visitando nó 1036. Vizinhos: 649 2918 4636 2696 2986 4277 1818 296 4318 1061
[DEBUG] Visitando nó 1363. Vizinhos: 2264 4588 2828 4277 2944 4577 2457 330 304 1948 3428
[DEBUG] Visitando nó 3887. Vizinhos: 3438 1830 4203 4534 361 338 828 2778 1185
[DEBUG] Visitando nó 3769. Vizinhos: 2229 354 1246 1185 4005 1229
[DEBUG] Visitando nó 3978. Vizinhos: 4998 2002 700 1292 3592 1185 2105 1289 3471 3462 656 2525
[DEBUG] Visitando nó 3554. Vizinhos: 2095 2943 1185 3679 2119 1359 243 1754
[DEBUG] Visitando nó 4687. Vizinhos: 1768 182 1185 999 1211 2503 893 466 3860 704
[DEBUG] Visitando nó 255. Vizinhos: 3157 2312 1185 1199 2866 1559 1031 1381 3160 4932 4776 2283 4256 1511 1313
[DEBUG] Visitando nó 712. Vizinhos: 3114 1185 727 1677 3546 179 3226 1024 
[DEBUG] Visitando nó 4983. Vizinhos: 3214 2102 418 2472 1932 180 713
[DEBUG] Visitando nó 892. Vizinhos: 4580 1051 2249 3809 713 4627 2766 4539
[DEBUG] Visitando nó 3180. Vizinhos: 3377 1286 3604 24 2590 4003 2650 713 2938 48 4233
[DEBUG] Visitando nó 3031. Vizinhos: 2696 467 2539 963 2191 3669 713 3985 3799
[DEBUG] Visitando nó 4311. Vizinhos: 188 4647 4588 686 1386 713 4207 1576 2827 4469 3659
[DEBUG] Visitando nó 484. Vizinhos: 4332 4543 713 816 2545 516 4774 3748 890 1956
[DEBUG] Visitando nó 3372. Vizinhos: 2625 713 4035 3163 160 382
[DEBUG] Visitando nó 1587. Vizinhos: 2643 8 3178 713 3862 3729 1801 1719 3061 3614
[DEBUG] Visitando nó 4167. Vizinhos: 3804 3737 3876 2533 2332 3995 4488
[DEBUG] Visitando nó 3642. Vizinhos: 2780 3638 4611 3724 4424 2979 2533 3837 1858
[DEBUG] Visitando nó 3583. Vizinhos: 3018 1876 3923 4118 2016 305 1486 2533 2306
[DEBUG] Visitando nó 4577. Vizinhos: 1363 3552 3270 2300 1545 2533 4129 2313 4864 1115 2775
[DEBUG] Visitando nó 4051. Vizinhos: 3463 190 301 2533 3516 174 1073 4688
[DEBUG] Visitando nó 714. Vizinhos: 42 4998 3118 3733 2533 3509 4412 4755 4779 695 3245 4587 589 2606 3841 2590 4686    
[DEBUG] Visitando nó 2850. Vizinhos: 2026 818 3718 1175 2967 4281 4986 3717 3082 2229 1940 4420
[DEBUG] Visitando nó 762. Vizinhos: 3249 2005 1621 4488 2874 1940 1572 843 1510 1183
[DEBUG] Visitando nó 2336. Vizinhos: 1122 3464 958 626 113 1940 320
[DEBUG] Visitando nó 2234. Vizinhos: 3553 420 1847 517 1771 1940 2548
[DEBUG] Visitando nó 4316. Vizinhos: 4852 4389 2633 1261 1451 1940 2572 3603 3443 
[DEBUG] Visitando nó 1086. Vizinhos: 1940 4510 418 2953 2160 60 2742
[DEBUG] Visitando nó 4579. Vizinhos: 786 1940 4449 3357 2497 1752 4655 3091 3407 20 3309 3787 3594 3520 3433
[DEBUG] Visitando nó 2551. Vizinhos: 274 1355 664 2908 3581 2465 2728 2375 313
[DEBUG] Visitando nó 1002. Vizinhos: 2908 955 644 2682 329 3898 1911
[DEBUG] Visitando nó 3462. Vizinhos: 2908 14 321 3049 3978 2697 3067
[DEBUG] Visitando nó 591. Vizinhos: 2881 508 4732 2908 2938 2674 4529 4736 4789 2361 1256 4840 2066 2142 1411
[DEBUG] Visitando nó 3743. Vizinhos: 1830 733 3629 1321 4338 224 2811 1147 290 1299
[DEBUG] Visitando nó 2770. Vizinhos: 1990 4918 323 224 3745 52 1250 3211
[DEBUG] Visitando nó 4797. Vizinhos: 1888 224 2460 1755 4933 2077 1708 472
[DEBUG] Visitando nó 1616. Vizinhos: 224 1230 1513 1499 4692 3681 4553 1973
[DEBUG] Visitando nó 4074. Vizinhos: 4505 2346 1769 1818 652 224 1369 385
[DEBUG] Visitando nó 3844. Vizinhos: 4465 3965 3609 1814 3506 3358 1544 4622 3553 4455 387
[DEBUG] Visitando nó 523. Vizinhos: 4494 1854 507 732 4455 1359 4700 2700 931
[DEBUG] Visitando nó 1254. Vizinhos: 1164 4240 1979 719 850 91 724 4941 3801 4549 4421 4455 1445 2408 1768 1891
[DEBUG] Visitando nó 2820. Vizinhos: 72 1244 1139 2789 2419 3838 1995 2493 1298 2880 2709 3594 2478 410 1834 1493 4455 1344 1569 4101 3885 599
[DEBUG] Visitando nó 1933. Vizinhos: 2694 3379 3435 4455 1337 4014 342 4037 1399 2121 1241
[DEBUG] Visitando nó 3188. Vizinhos: 4058 3430 4673 529 4455 2808 1684 4297 3287 4226
[DEBUG] Visitando nó 2974. Vizinhos: 4455 636 1936 4033 2837 635
[DEBUG] Visitando nó 3142. Vizinhos: 3567 4455 3251 4329 1642 4365 2156 4232 986
[DEBUG] Visitando nó 1746. Vizinhos: 2346 1037 363 1570 4119 215 2467 4426
[DEBUG] Visitando nó 704. Vizinhos: 3418 4119 1932 1643 3357 785 2673 1635 787 4361 4687 2882
[DEBUG] Visitando nó 2708. Vizinhos: 4055 770 1881 2171 226 3818 687 2091 4086
[DEBUG] Visitando nó 1622. Vizinhos: 4593 3700 3793 3576 1160 4011 3190 2978 2528 4306 4678 4086
[DEBUG] Visitando nó 2125. Vizinhos: 1861 2300 986 1819 1910 4086 702 3833 4189 2886 2781 3145
[DEBUG] Visitando nó 554. Vizinhos: 4257 236 2267 2147 4086 967 3645 3630 195
[DEBUG] Visitando nó 849. Vizinhos: 1153 2105 307 4086 2511 2326 2360 2080
[DEBUG] Visitando nó 81. Vizinhos: 4086 1916 448 2654 3543 1142 127 3929 88
[DEBUG] Visitando nó 2738. Vizinhos: 4086 105 3400 1667 3353 1547 2564 1112 2443 4492 3716 1474 3775 4631
[DEBUG] Visitando nó 501. Vizinhos: 3867 4893 1004 4290 4982 3672 1255 3336 1026 938
[DEBUG] Visitando nó 988. Vizinhos: 4055 3668 1282 2492 4070 2183 665 3561 1354 2264 190 3336 3932
[DEBUG] Visitando nó 2484. Vizinhos: 228 4761 1380 2396 3336
[DEBUG] Visitando nó 1267. Vizinhos: 3047 3830 2220 983 104 4650 1885 1396 2180 3336 4449
[DEBUG] Visitando nó 2818. Vizinhos: 3670 2734 1306 1532 3336 2393 182 213 1395
[DEBUG] Visitando nó 1786. Vizinhos: 4132 3336 1061 1585 90 197 657 4612 
[DEBUG] Visitando nó 3993. Vizinhos: 116 3336 4175 12 4427 228 4567 2450
[DEBUG] Visitando nó 3371. Vizinhos: 2498 601 2559 1849
[DEBUG] Visitando nó 3593. Vizinhos: 3555 2938 4430 3279 1823 4620 389 1733 1430 1849 100
[DEBUG] Visitando nó 2888. Vizinhos: 3159 1618 1849 1726 3880 4247 4955 207 3478 782
[DEBUG] Visitando nó 1982. Vizinhos: 3268 1849 1967 2238 3899 3339 1096
[DEBUG] Visitando nó 654. Vizinhos: 1674 2620 1849 86 3439 4975 4741
[DEBUG] Visitando nó 2760. Vizinhos: 1849 656 4698 1039 2157 2534
[DEBUG] Visitando nó 4998. Vizinhos: 714 3978 1849 1544 1783 2916 4269 717
[DEBUG] Visitando nó 1537. Vizinhos: 1333 1212 2462 4904 465 3167 112 2215
[DEBUG] Visitando nó 1611. Vizinhos: 1038 3872 4409 2682 2244 2220 149 465 4194 252 2212
[DEBUG] Visitando nó 1392. Vizinhos: 2327 4084 4476 1985 465 1518 2595 1960 2546 2045 3540
[DEBUG] Visitando nó 3897. Vizinhos: 1868 4089 37 303 465 4090 1828
[DEBUG] Visitando nó 2928. Vizinhos: 4443 4682 465 3835 2969
[DEBUG] Visitando nó 4293. Vizinhos: 4594 2839 4364 465 1517 1379
[DEBUG] Visitando nó 2389. Vizinhos: 3701 4862 4475 4838 465 2221 2764 4229 4681 3838 2768
[DEBUG] Visitando nó 3229. Vizinhos: 4737 4904 4946 596 3318 3725 4469 465 2337
[DEBUG] Visitando nó 1647. Vizinhos: 2028 4551 3020 465 2042 3764 3225
[DEBUG] Visitando nó 2358. Vizinhos: 890 465 1485 2836 2397
[DEBUG] Visitando nó 3458. Vizinhos: 433 465 4168 3503 4095 4568 983 1651
[DEBUG] Visitando nó 4831. Vizinhos: 465 4302 2439 1097 2292
[DEBUG] Visitando nó 4332. Vizinhos: 3849 637 484 465 283 1516 585 54 3601 633 586
[DEBUG] Visitando nó 3334. Vizinhos: 694 3687 1507 4095 1586 805 302 2642
[DEBUG] Visitando nó 1725. Vizinhos: 4673 3940 2053 2950 302 1119 2792 1901 3669
[DEBUG] Visitando nó 4700. Vizinhos: 1538 929 302 3643 4531 905 636 4538 523
[DEBUG] Visitando nó 587. Vizinhos: 2319 2150 2886 2927 2446 1529 1183 2195 4714 1903 4372
[DEBUG] Visitando nó 3385. Vizinhos: 626 1030 3806 3901 466 2342 469 4714 4065
[DEBUG] Visitando nó 3802. Vizinhos: 4611 92 818 4714 4549
[DEBUG] Visitando nó 1398. Vizinhos: 1354 1504 2056 405 2476 241 3169 1607 4714 1771 1857
[DEBUG] Visitando nó 3833. Vizinhos: 342 33 334 1327 3376 2125 4714 1152 2531 480
[DEBUG] Visitando nó 588. Vizinhos: 3443 4714 2819 1381 3487 4846 541 2298
[DEBUG] Visitando nó 1593. Vizinhos: 1888 4714 1703 2867 698 4611 1528 2331 1581
[DEBUG] Visitando nó 4690. Vizinhos: 44 688 4229 3590 3465 809 4920 1485 649
[DEBUG] Visitando nó 8. Vizinhos: 1587 4999 4706 3683 975 1971 809 1889 3836
[DEBUG] Visitando nó 656. Vizinhos: 1032 3333 2760 4491 1323 2959 758 469 3638 809 1791 2692 3978 1233 3085
[DEBUG] Visitando nó 135. Vizinhos: 2151 2805 826 809 4260 3038 4512 3856 860
[DEBUG] Visitando nó 958. Vizinhos: 4131 599 809 2336 4571 69 2353 642
[DEBUG] Visitando nó 1555. Vizinhos: 548 4699 1679 809 663 1694 2064 3787 3147 2822 3379 713 2694 1515
[DEBUG] Visitando nó 2386. Vizinhos: 4458 980 1312 2087 3448 2010 418 279 878 4500
[DEBUG] Visitando nó 1836. Vizinhos: 258 3448 1614 3207 220 2198
[DEBUG] Visitando nó 695. Vizinhos: 3448 1776 4298 867 714 418 2460
[DEBUG] Visitando nó 1759. Vizinhos: 3448 2089 2827 3604 2021 2097 2394 3724 1080
[DEBUG] Visitando nó 1792. Vizinhos: 3448 118 4864 1850 1750 1601 3843 343 1700 3546 3096 1801 812
[DEBUG] Visitando nó 1771. Vizinhos: 3149 3643 3448 1330 2444 4086 3342 1525 2737 948 3794 2234 4249 1398 4221 
[DEBUG] Visitando nó 4212. Vizinhos: 797 2014 4712 3523 4431 1427 2915
[DEBUG] Visitando nó 1423. Vizinhos: 2228 2807 3424 606 3523 2800 884 771 1373 3552 4698
[DEBUG] Visitando nó 616. Vizinhos: 3826 4858 3523 1442 287 4495 1756 3868 4549
[DEBUG] Visitando nó 2617. Vizinhos: 4600 3523 672 2656 3740 1351 4678 1128 573 941 4689
[DEBUG] Visitando nó 18. Vizinhos: 3405 3901 3523 3130 4333 2594 2244 4647 2193 883 2922 2258
[DEBUG] Visitando nó 2499. Vizinhos: 1372 1183 3523 300 382 4472 607
[DEBUG] Visitando nó 2456. Vizinhos: 2643 93 2323 724 1846 1259 1297 2878
[DEBUG] Visitando nó 4085. Vizinhos: 1499 1268 1918 4548 1297 497 3177 862 4800 878 1069 1529 4808
[DEBUG] Visitando nó 2085. Vizinhos: 213 4345 1297 2416 1071 2291 2429 323 4550 3119
[DEBUG] Visitando nó 2897. Vizinhos: 4731 1790 3921 1220 1297 4767 1833 1689 509
[DEBUG] Visitando nó 20. Vizinhos: 200 1297 4341 2964 3922 485 296 4579 3619 1282 2612 4484
[DEBUG] Visitando nó 4144. Vizinhos: 854 4902 783 1297 456 997 1489 1129 2600
[DEBUG] Visitando nó 4596. Vizinhos: 915 1297 310 1324 2796 1415 1638 2128 1075
[DEBUG] Visitando nó 157. Vizinhos: 2784 1297 943 3276 4053 755 258 2211
[DEBUG] Visitando nó 2986. Vizinhos: 1297 2341 4014 1036 3852
[DEBUG] Visitando nó 1286. Vizinhos: 4570 130 721 4163 1913 1297 4052 200 3180 2905 1606 3126 101
[DEBUG] Visitando nó 1068. Vizinhos: 3054 1472 4164 2342 4250 907 261 3659 2870 1817 4965 2256
[DEBUG] Visitando nó 4541. Vizinhos: 3139 3929 2870 733 4794
[DEBUG] Visitando nó 3709. Vizinhos: 2870 393 309 3618 708
[DEBUG] Visitando nó 1693. Vizinhos: 2870 1033 556 4779 1585 965 541 4323 1245 108 820 1181 692
[DEBUG] Visitando nó 1395. Vizinhos: 635 3782 2870 4446 2946 3 581 933 149 4278 4292 2818 2666 2689
[DEBUG] Visitando nó 4732. Vizinhos: 591 2463 3826 4911 306 4945 3771 4815
[DEBUG] Visitando nó 506. Vizinhos: 1034 1784 4710 3119 3489 1324 3670 3676 4815 3170 278
[DEBUG] Visitando nó 3096. Vizinhos: 799 551 2668 1732 2286 3505 4056 1241 1792 4909 4815 4034 3338 2630
[DEBUG] Visitando nó 1880. Vizinhos: 4830 4745 2178 275 4815 4734 4698 1279 1449 1023
[DEBUG] Visitando nó 3059. Vizinhos: 1139 3967 3532 3143 4815 298 4115
[DEBUG] Visitando nó 804. Vizinhos: 2211 1257 227 208 316 1576 3347 4815 1224
[DEBUG] Visitando nó 404. Vizinhos: 3339 3766 4815 4500 2543 2697 4581
[DEBUG] Visitando nó 2037. Vizinhos: 4852 2462 2007 2647 274 4414 236 2306 4815 1334 4572 2736 1234 4546 390 869        
[DEBUG] Visitando nó 4057. Vizinhos: 1731 1394 3115 4815 3576 3424 346 4207 4503
[DEBUG] Visitando nó 696. Vizinhos: 1214 1042 4815 4450 2378 2212
[DEBUG] Visitando nó 1352. Vizinhos: 2330 1124 4815 916
[DEBUG] Visitando nó 3872. Vizinhos: 3845 4217 1611 4815 709 1774
[DEBUG] Visitando nó 2990. Vizinhos: 4815 2374 670 1367 845
[DEBUG] Visitando nó 2403. Vizinhos: 4815 4117 2115 2168 2205 401 2299 4340
[DEBUG] Visitando nó 1907. Vizinhos: 4003 4815 4347 4558 33 3220 623
[DEBUG] Visitando nó 333. Vizinhos: 1895 4624 242 900 202 1592 2639 3177 1630 732
[DEBUG] Visitando nó 1843. Vizinhos: 1105 3165 4093 3827 2789 1630 2399 926 636
[DEBUG] Visitando nó 4010. Vizinhos: 1547 79 3077 1630 4671 4894
[DEBUG] Visitando nó 4153. Vizinhos: 1828 103 3376 933 1630 4553 112 4915 225 
[DEBUG] Visitando nó 182. Vizinhos: 4687 1630 3950 4155 107 906 2818
[DEBUG] Visitando nó 736. Vizinhos: 4241 102 4695 1630 125 3475 2350 1543
[DEBUG] Visitando nó 3296. Vizinhos: 4137 4177 3977 4325 4471 1852 855
[DEBUG] Visitando nó 22. Vizinhos: 426 1371 3751 1720 2902 3116 352 1852
[DEBUG] Visitando nó 2346. Vizinhos: 4074 2813 427 735 4046 1746 4165 1989 3078 4392 384 1148 4219 787 2858 4786 1852   
[DEBUG] Visitando nó 4566. Vizinhos: 2441 4404 2376 3193 1641 1852 4456 524 170 4945 4309 996
[DEBUG] Visitando nó 4104. Vizinhos: 583 4298 3586 1857 4393 1852 2007
[DEBUG] Visitando nó 320. Vizinhos: 2306 2742 4229 549 1852 2336 4439
[DEBUG] Visitando nó 2416. Vizinhos: 1844 1852 2099 2824 2085 2362 1674 2225 2915
[DEBUG] Visitando nó 4590. Vizinhos: 3185 1658 1852 3772 894 2542 1251 3815 1344 4759 2271 4644 2649
[DEBUG] Visitando nó 84. Vizinhos: 595 358 3809 3282 39 4684 3221 2317 1742 57
[DEBUG] Visitando nó 745. Vizinhos: 1985 3608 2087 334 1742 429 4601 1970 3715 513 2761 1602
[DEBUG] Visitando nó 1738. Vizinhos: 2483 1742 4736 4004 2921 4124 3939 4867 2404
[DEBUG] Visitando nó 1358. Vizinhos: 4679 2889 1438 878 1805 3547 3006
[DEBUG] Visitando nó 632. Vizinhos: 1025 515 4274 2857 4677 3006 293
[DEBUG] Visitando nó 1818. Vizinhos: 4074 4671 2529 382 145 2251 2506 1168 1036 3639 3006 4307 2155
[DEBUG] Visitando nó 361. Vizinhos: 1711 3006 1624 1694 3887 4043 3692 4985
[DEBUG] Visitando nó 720. Vizinhos: 1377 862 3006 4827 934 3946 1402 2426
[DEBUG] Visitando nó 298. Vizinhos: 2886 1465 1835 944 3638 3006 3059 1381 692
[DEBUG] Visitando nó 4006. Vizinhos: 668 3006 1179 4453 528 664 57 4082 999 2729 536
[DEBUG] Visitando nó 2054. Vizinhos: 4005 4296 187 421 3904 2196 2874 2741 4003 640
[DEBUG] Visitando nó 1711. Vizinhos: 2028 361 4036 2082 3904 3805 495 1920 4599 1927
[DEBUG] Visitando nó 1482. Vizinhos: 143 3904 3400 4795 2171 777 3764
[DEBUG] Visitando nó 1567. Vizinhos: 3555 3904 1041 265 28 2101 1519
[DEBUG] Visitando nó 1533. Vizinhos: 1360 1446 2344 1349 1195 288 1626 3153 3340
[DEBUG] Visitando nó 1957. Vizinhos: 3400 834 4968 237 2291 3153 4078 3950 842
[DEBUG] Visitando nó 2482. Vizinhos: 284 2272 2813 3153 4397 757 209 4708
[DEBUG] Visitando nó 2674. Vizinhos: 775 591 3116 3153 2595 3490 234 2635 505 2926 3041
[DEBUG] Visitando nó 262. Vizinhos: 4165 1545 3153 4863 2748 2490 807 1997 2441
[DEBUG] Visitando nó 4698. Vizinhos: 4055 411 1664 4116 3153 106 3112 1443 3345 2760 4232 1880 1372 1423
[DEBUG] Visitando nó 2973. Vizinhos: 778 2528 4434 4554 2944 1435 2581 1999 1432 3873 2141 288
[DEBUG] Visitando nó 3861. Vizinhos: 446 2328 59 206 767 2141 3886
[DEBUG] Visitando nó 77. Vizinhos: 3234 1673 3473 1987 3255 2619 2175 2053 2141 2582 2747 1864
[DEBUG] Visitando nó 2596. Vizinhos: 3996 4861 2226 1814 863 1013 3301 3355 2141 1132 3762
[DEBUG] Visitando nó 260. Vizinhos: 4009 163 2141 1426 1570
[DEBUG] Visitando nó 1474. Vizinhos: 3299 2691 2141 750 2198 2738
[DEBUG] Visitando nó 1552. Vizinhos: 344 2141 4376 3745 1231 3600 4907
[DEBUG] Visitando nó 4343. Vizinhos: 93 778 1304 2141 1188 1456 862 3496 2533 4739
[DEBUG] Visitando nó 2569. Vizinhos: 1559 601 2803 2098 3041 2543 406 1930 2447 4754
[DEBUG] Visitando nó 354. Vizinhos: 3769 3115 757 685 3638 1599 3991 406 138 1925 
[DEBUG] Visitando nó 2407. Vizinhos: 2152 689 2447 3995 3091 406 971 539 1339 4628 1992
[DEBUG] Visitando nó 4072. Vizinhos: 3405 104 406 3715 2880 4181 1603
[DEBUG] Visitando nó 1198. Vizinhos: 2522 406 2646 4280 4954 1155 1054 2746 4174 4067
[DEBUG] Visitando nó 4292. Vizinhos: 3009 49 1142 25 1012 1141 1395
[DEBUG] Visitando nó 2435. Vizinhos: 2098 2626 1367 3244 287 1141 236 2972
[DEBUG] Visitando nó 1090. Vizinhos: 4464 1440 4427 510 1141 4191 789 2474 1248 2837 4738
[DEBUG] Visitando nó 2663. Vizinhos: 4800 1510 1699 3384 2464 4027 1141 1289 1084 636 2216
[DEBUG] Visitando nó 1370. Vizinhos: 2485 2504 1141 1049 1455 978
[DEBUG] Visitando nó 1263. Vizinhos: 2423 2445 4467 1141 723 1087 3314 3048
[DEBUG] Visitando nó 4492. Vizinhos: 2128 1141 4963 2684 3484 2034 1902 2738
[DEBUG] Marcando nó 4963 como visitado
[DEBUG] Visitando nó 4963. Vizinhos: 4492
[DEBUG] Visitando nó 480. Vizinhos: 2290 4811 1362 1497 3833 1410 2782
[DEBUG] Visitando nó 3476. Vizinhos: 1749 3947 1362 1825 4768 3343 2702 777 1037 4339
[DEBUG] Visitando nó 870. Vizinhos: 1362 2809 1568 1260 2448 4740 1110 1945 994 623
[DEBUG] Visitando nó 4284. Vizinhos: 1362 2589 2227
[DEBUG] Visitando nó 2694. Vizinhos: 3754 1152 1933 1362 1115 1121 2345 4717 3363 777 1555
[DEBUG] Visitando nó 3898. Vizinhos: 1245 2566 2883 951 4440 3704 2247 4171 1002
[DEBUG] Visitando nó 4213. Vizinhos: 3789 3704 638 38
[DEBUG] Visitando nó 4230. Vizinhos: 2197 3704 576 662 2588 229 235 2443 3197 4767 2439 1450
[DEBUG] Visitando nó 4353. Vizinhos: 1885 4510 4822 3757 1505 356 512 2959 3107
[DEBUG] Visitando nó 2876. Vizinhos: 1505 1691 2168 3012 3895 3526 3838 828
[DEBUG] Visitando nó 1623. Vizinhos: 1505 2176 3324 563 4384
[DEBUG] Visitando nó 3451. Vizinhos: 2268 59 1505 2284 269 2073 3483 1306 4122
[DEBUG] Visitando nó 4833. Vizinhos: 4548 296 14 417 839
[DEBUG] Visitando nó 1617. Vizinhos: 4046 2622 998 1629 2955 2156 1078 2588 3069 2077 417 3871 747 2293 786 3596 
[DEBUG] Visitando nó 3405. Vizinhos: 266 1338 18 836 2517 4072 417 2120 3487 317 3495 1294
[DEBUG] Visitando nó 1641. Vizinhos: 417 3545 4566 2289 4468 678 2420
[DEBUG] Visitando nó 4603. Vizinhos: 940 3737 417 1741 1466 3010 3440 4168 1313
[DEBUG] Visitando nó 2129. Vizinhos: 2873 4462 4117 2244 521 405 2795 3920 1029 4614 1709 1413
[DEBUG] Visitando nó 3996. Vizinhos: 389 2596 2873 350 2580 1783 2044
[DEBUG] Visitando nó 4124. Vizinhos: 3733 4839 882 1738 3119 3150 331 1797
[DEBUG] Visitando nó 794. Vizinhos: 4005 3110 2220 374 2162 3727 1797
[DEBUG] Visitando nó 1821. Vizinhos: 2138 1675 1750 1752 4510 1502 3678 777 1797 1999
[DEBUG] Visitando nó 2391. Vizinhos: 1648 1063 4888 845 1797 4147 3826
[DEBUG] Visitando nó 127. Vizinhos: 2561 405 516 2325 1314 683 1797 2144 81 3907
[DEBUG] Visitando nó 3621. Vizinhos: 3646 4705 2524 1797 4360
[DEBUG] Visitando nó 1394. Vizinhos: 4727 2409 965 4057 1797 3552 2399 3154 1890 1125
[DEBUG] Visitando nó 2010. Vizinhos: 1692 730 1420 1797 2386 2921 2388 1924 4741
[DEBUG] Visitando nó 3100. Vizinhos: 1797 4996 3638 2497 1095 1052
[DEBUG] Visitando nó 422. Vizinhos: 2599 1797 4711 2432 2383 1383 3344 2318 2878 3816 2775
[DEBUG] Visitando nó 697. Vizinhos: 181 468 3701 3864 604 4312 15 1512
[DEBUG] Visitando nó 2378. Vizinhos: 1396 90 4460 3864 2595 2021 584 696 199
[DEBUG] Visitando nó 1005. Vizinhos: 1981 3864 4081 1976 38 559 326 4181 1529 3849
[DEBUG] Visitando nó 429. Vizinhos: 4540 1327 3864 2041 2916 3099 745 2396 4428 2557 1897 1320 964 2769
[DEBUG] Visitando nó 4746. Vizinhos: 2522 4115 1 4363 1888 2375 4660 1835 1137 451 1601 744
[DEBUG] Visitando nó 1015. Vizinhos: 359 2523 3302 451 1041
[DEBUG] Visitando nó 906. Vizinhos: 755 985 898 451 2768 182 2030
[DEBUG] Visitando nó 2815. Vizinhos: 259 451 4948 572 1884
[DEBUG] Visitando nó 1645. Vizinhos: 1465 4801 2442 451 1550 3216 3758 2646 1337
[DEBUG] Visitando nó 2201. Vizinhos: 879 451 502 4312 1018 4269
[DEBUG] Visitando nó 3945. Vizinhos: 451 4837 972 1063 2635 2242 1624 2680
[DEBUG] Visitando nó 4592. Vizinhos: 451 1416 3421 3313 547 4646
[DEBUG] Visitando nó 878. Vizinhos: 451 1602 3803 1155 1358 2227 2386 4085 3419 58 3287
[DEBUG] Visitando nó 4693. Vizinhos: 451 2470 1291 4591 1561 4975
[DEBUG] Visitando nó 1571. Vizinhos: 451 4561 1845 4220 4549 4166 3663 1801 3914
[DEBUG] Visitando nó 737. Vizinhos: 451 1879 2257 2726 4512 3170 3780 2409 542 4892 922
[DEBUG] Visitando nó 170. Vizinhos: 451 1027 1680 1389 399 4138 4566 4509 2431
[DEBUG] Visitando nó 4232. Vizinhos: 3849 451 3174 3147 1949 690 925 593 4931 4860 305 598 1630 1290 4698 4126 3142 4982 4716 4819 3997
[DEBUG] Visitando nó 2956. Vizinhos: 4094 3920 991 1149 3828 909 1827
[DEBUG] Visitando nó 3236. Vizinhos: 2242 3933 2592 3828 3032 3358
[DEBUG] Visitando nó 1896. Vizinhos: 4697 3014 530 2870 564 3828 3816 2469 4102 828 74 4239
[DEBUG] Visitando nó 1877. Vizinhos: 707 3828 4295 294 78 2591 852 3171
[DEBUG] Visitando nó 25. Vizinhos: 1644 2967 1127 3828 3475 4408 1570 166 4292 2806 2517 670 3328
[DEBUG] Visitando nó 2719. Vizinhos: 3820 2564 929 2615 1103
[DEBUG] Visitando nó 4767. Vizinhos: 638 2897 4230 2615
[DEBUG] Visitando nó 1079. Vizinhos: 1135 2548 2066 2615 3745 1764 
[DEBUG] Visitando nó 2583. Vizinhos: 1372 2615 4467 1700 615
[DEBUG] Visitando nó 903. Vizinhos: 4915 2486 2506 2615 469 3914 3546 3221 4240 4014 3809
[DEBUG] Visitando nó 4352. Vizinhos: 4770 124 3862 148 2615 1305 3234 893
[DEBUG] Visitando nó 1985. Vizinhos: 1384 2489 1167 745 1705 4055 2615 1392 2016 607
[DEBUG] Visitando nó 2171. Vizinhos: 458 2796 2615 4395 3780 2708 1646 1482 4175 1612
[DEBUG] Visitando nó 3013. Vizinhos: 4303 2615 842 114 381
[DEBUG] Visitando nó 4895. Vizinhos: 866 1689 552 685 3685 1963 2221 764 1952
[DEBUG] Visitando nó 4356. Vizinhos: 2429 1018 2420 4415 2019 4411 3574 662 1963 3357 3809
[DEBUG] Visitando nó 2116. Vizinhos: 608 1963 555 1918 3330 1834 4902 4401 3651 2063
[DEBUG] Visitando nó 4964. Vizinhos: 3672 1963 1155 1246 2029
[DEBUG] Visitando nó 4587. Vizinhos: 1928 1963 4528 714 3470
[DEBUG] Visitando nó 1564. Vizinhos: 4965 723 802 3925 1898 1613 3985 3496 3088 66
[DEBUG] Visitando nó 4652. Vizinhos: 1376 2158 812 3088 1964 2580 1346 3974 3056 4070 1654 1371
[DEBUG] Visitando nó 597. Vizinhos: 453 4275 1768 3088 3228 1576 1857 2661 2422 151 2504 3490 4100 788 2187
[DEBUG] Visitando nó 1782. Vizinhos: 4990 4765 1301 3088 2896 2256 3637 4759 387
[DEBUG] Visitando nó 3889. Vizinhos: 1563 3893 3088 4810 2139 2809 3108 3982
[DEBUG] Visitando nó 1081. Vizinhos: 3835 4593 3723 2660 4906 3424 375 3394 2712 2975
[DEBUG] Visitando nó 1335. Vizinhos: 3994 183 1608 318 482 1245 4172 3394 63 3634
[DEBUG] Visitando nó 2938. Vizinhos: 3593 4896 591 2138 3615 2382 3832 3180 3394
[DEBUG] Visitando nó 4884. Vizinhos: 407 3394 1820 2942 1016
[DEBUG] Visitando nó 2492. Vizinhos: 988 4298 4966 683 3394 359 3657 2699 4521 1656 1096
[DEBUG] Visitando nó 217. Vizinhos: 3361 4679 4752 3394 3004 2160 4132 2736 4510 2075 4901 228
[DEBUG] Visitando nó 2931. Vizinhos: 4804 1536 3394 2963 109 1386 1785 4705 2557 1336 
[DEBUG] Visitando nó 1922. Vizinhos: 414 1452 4328 905 1736 3523 0 1860
[DEBUG] Visitando nó 2056. Vizinhos: 3645 1026 3867 1398 2289 2124 1774 0 304 1494
[DEBUG] Visitando nó 4538. Vizinhos: 3279 4941 2522 1356 2207 0 4700
[DEBUG] Visitando nó 3505. Vizinhos: 2253 1136 4346 1123 4236 806 3126 3096 1993 3091 0 1550
[DEBUG] Visitando nó 520. Vizinhos: 1514 3840 717 2344 0 3346 463 4265 3278
[DEBUG] Visitando nó 4662. Vizinhos: 3301 294 0 4414 2064
[DEBUG] Visitando nó 1938. Vizinhos: 270 187 0 4704 2546 2978
[DEBUG] Visitando nó 1471. Vizinhos: 2869 2155 0 447 4435 2082
[DEBUG] Visitando nó 415. Vizinhos: 0 2401 3114 230 4423 2745 197 1665 455 3112
[DEBUG] Visitando nó 702. Vizinhos: 0 2796 2125 3812 3490 441
[DEBUG] Visitando nó 4987. Vizinhos: 0 3205 1113 2239 3572 3742 1758
[DEBUG] Visitando nó 1057. Vizinhos: 0 489 1359 392 4000 220 2325 2372 2434
[DEBUG] Visitando nó 2605. Vizinhos: 0 4616 1405 2695 2135 1383 694 676 2019
[DEBUG] Visitando nó 1339. Vizinhos: 0 496 1129 612 1042 2407 1455 1599 3355 2541 1635
[DEBUG] Visitando nó 1941. Vizinhos: 0 2670 3584 3651 1609 2246
[DEBUG] Visitando nó 2078. Vizinhos: 740 4727 2 1699 134 2253 0 1147 4876 3303 3245 1913 536 4189 2521
[DEBUG] Total de nós visitados: 5000/5000
[DEBUG] Resultado da conexidade: Conexo

[DEBUG] Iniciando algoritmo Guloso...
[DEBUG] Bloqueado no nó 4981. Tentando novo início.
[DEBUG] Bloqueado no nó 797. Tentando novo início.
[DEBUG] Bloqueado no nó 4333. Tentando novo início.
[DEBUG] Bloqueado no nó 4209. Tentando novo início.
[DEBUG] Bloqueado no nó 643. Tentando novo início.
[DEBUG] Bloqueado no nó 2226. Tentando novo início.
[DEBUG] Bloqueado no nó 4161. Tentando novo início.
[DEBUG] Bloqueado no nó 504. Tentando novo início.
[DEBUG] Bloqueado no nó 2466. Tentando novo início.
[DEBUG] Bloqueado no nó 2933. Tentando novo início.
[DEBUG] Bloqueado no nó 2226. Tentando novo início.
[DEBUG] Bloqueado no nó 4253. Tentando novo início.
[DEBUG] Bloqueado no nó 3859. Tentando novo início.
[DEBUG] Bloqueado no nó 4205. Tentando novo início.
[DEBUG] Bloqueado no nó 4253. Tentando novo início.
[DEBUG] Bloqueado no nó 3851. Tentando novo início.
[DEBUG] Bloqueado no nó 2768. Tentando novo início.
[DEBUG] Bloqueado no nó 3553. Tentando novo início.
[DEBUG] Bloqueado no nó 2130. Tentando novo início.
[DEBUG] Bloqueado no nó 1056. Tentando novo início.
[DEBUG] Bloqueado no nó 3573. Tentando novo início.
[DEBUG] Bloqueado no nó 2130. Tentando novo início.
[DEBUG] Bloqueado no nó 74. Tentando novo início.
[DEBUG] Bloqueado no nó 2130. Tentando novo início.
[DEBUG] Bloqueado no nó 244. Tentando novo início.
[DEBUG] Bloqueado no nó 3553. Tentando novo início.
[DEBUG] Bloqueado no nó 702. Tentando novo início.
[DEBUG] Bloqueado no nó 3553. Tentando novo início.
[DEBUG] Bloqueado no nó 3406. Tentando novo início.
[DEBUG] Bloqueado no nó 4045. Tentando novo início.
[DEBUG] Bloqueado no nó 4286. Tentando novo início.
[DEBUG] Bloqueado no nó 2250. Tentando novo início.
[DEBUG] Bloqueado no nó 1971. Tentando novo início.
[DEBUG] Bloqueado no nó 3553. Tentando novo início.
[DEBUG] Bloqueado no nó 1578. Tentando novo início.
[DEBUG] Bloqueado no nó 1959. Tentando novo início.
[DEBUG] Bloqueado no nó 1901. Tentando novo início.
[DEBUG] Bloqueado no nó 4152. Tentando novo início.
[DEBUG] Bloqueado no nó 1971. Tentando novo início.
[DEBUG] Bloqueado no nó 1971. Tentando novo início.
[DEBUG] Bloqueado no nó 244. Tentando novo início.
[DEBUG] Bloqueado no nó 1106. Tentando novo início.
[DEBUG] Bloqueado no nó 1755. Tentando novo início.
[DEBUG] Bloqueado no nó 3553. Tentando novo início.
[DEBUG] Bloqueado no nó 3851. Tentando novo início.
[DEBUG] Bloqueado no nó 1971. Tentando novo início.
[DEBUG] Bloqueado no nó 3406. Tentando novo início.
[DEBUG] Bloqueado no nó 4705. Tentando novo início.
[DEBUG] Bloqueado no nó 4227. Tentando novo início.
[DEBUG] Bloqueado no nó 1901. Tentando novo início.
[DEBUG] Bloqueado no nó 3762. Tentando novo início.
[DEBUG] Bloqueado no nó 385. Tentando novo início.
[DEBUG] Bloqueado no nó 4769. Tentando novo início.
[DEBUG] Bloqueado no nó 805. Tentando novo início.
[DEBUG] Bloqueado no nó 3063. Tentando novo início.
[DEBUG] Bloqueado no nó 829. Tentando novo início.
[DEBUG] Bloqueado no nó 3417. Tentando novo início.
[DEBUG] Bloqueado no nó 4755. Tentando novo início.
[DEBUG] Bloqueado no nó 696. Tentando novo início.
[DEBUG] Bloqueado no nó 4981. Tentando novo início.
[DEBUG] Bloqueado no nó 3802. Tentando novo início.
[DEBUG] Bloqueado no nó 129. Tentando novo início.
[DEBUG] Bloqueado no nó 2130. Tentando novo início.
[DEBUG] Bloqueado no nó 3406. Tentando novo início.
[DEBUG] Bloqueado no nó 4348. Tentando novo início.
[DEBUG] Bloqueado no nó 2466. Tentando novo início.
[DEBUG] Bloqueado no nó 1971. Tentando novo início.
[DEBUG] Bloqueado no nó 2776. Tentando novo início.
[DEBUG] Bloqueado no nó 3406. Tentando novo início.
[DEBUG] Bloqueado no nó 3802. Tentando novo início.
[DEBUG] Bloqueado no nó 3084. Tentando novo início.
[DEBUG] Bloqueado no nó 2341. Tentando novo início.
[DEBUG] Bloqueado no nó 919. Tentando novo início.
[DEBUG] Bloqueado no nó 3309. Tentando novo início.
[DEBUG] Bloqueado no nó 1256. Tentando novo início.
[DEBUG] Bloqueado no nó 3942. Tentando novo início.
[DEBUG] Bloqueado no nó 73. Tentando novo início.
[DEBUG] Bloqueado no nó 3084. Tentando novo início.
[DEBUG] Bloqueado no nó 4438. Tentando novo início.
[DEBUG] Bloqueado no nó 4981. Tentando novo início.
[DEBUG] Bloqueado no nó 2990. Tentando novo início.
[DEBUG] Bloqueado no nó 643. Tentando novo início.
[DEBUG] Bloqueado no nó 3851. Tentando novo início.
[DEBUG] Bloqueado no nó 2202. Tentando novo início.
[DEBUG] Bloqueado no nó 3762. Tentando novo início.
[DEBUG] Bloqueado no nó 797. Tentando novo início.
[DEBUG] Bloqueado no nó 1971. Tentando novo início.
[DEBUG] Bloqueado no nó 2130. Tentando novo início.
[DEBUG] Bloqueado no nó 3977. Tentando novo início.
[DEBUG] Bloqueado no nó 4438. Tentando novo início.
[DEBUG] Bloqueado no nó 2250. Tentando novo início.
[DEBUG] Bloqueado no nó 4187. Tentando novo início.
[DEBUG] Bloqueado no nó 1352. Tentando novo início.
[DEBUG] Bloqueado no nó 1599. Tentando novo início.
[DEBUG] Bloqueado no nó 3766. Tentando novo início.
[DEBUG] Bloqueado no nó 3084. Tentando novo início.
[DEBUG] Bloqueado no nó 4935. Tentando novo início.
[DEBUG] Bloqueado no nó 643. Tentando novo início.
[DEBUG] Bloqueado no nó 2130. Tentando novo início.
[DEBUG] Bloqueado no nó 4528. Tentando novo início.
[ERRO] Falha no algoritmo Guloso: Falha ao encontrar caminho válido!
[DEBUG] Iniciando algoritmo Randomizado...
[DEBUG] Caminho Randomizado (0 nós): 
[Randomizado] Tempo: 0.328169s | Custo: terminate called after throwing an instance of 'std::runtime_error'
  what():  Caminho incompleto!